"FSC-A","FSC-H","FSC-W","SSC-A","SSC-H","SSC-W","BL1-A","BL1-H","BL1-W","VL1-A","VL1-H","VL1-W","VL2-A","VL2-H","VL2-W","VL3-A","VL3-H","VL3-W","YL2-A","YL2-H","YL2-W","Time"
83551,82362,81,31486,31271,77,1079,1194,8,1787,1846,20,4039,4018,37,7579,8524,42,163041,153307,95,0.0140156
64616,63259,82,22974,22713,69,835,731,0,1295,1451,13,2670,2467,28,4649,4705,37,105453,101220,93,0.0330368
107753,104745,82,44788,43502,80,1498,1606,16,2754,2569,27,6345,6170,43,11451,10797,57,235102,220953,98,0.0380424
256087,206900,114,157601,129098,109,5210,4173,37,10284,8270,62,20853,17202,77,36110,30598,110,751723,642062,124,0.0410457
171100,147533,96,85655,76899,93,2225,1699,24,3779,3558,37,7160,6321,49,13053,10751,71,258787,223282,104,0.0540602
110242,96465,93,30393,26406,83,1607,1207,20,2789,2610,31,6309,5940,43,11138,9523,63,218322,200053,102,0.0740826
211716,181142,99,132021,115883,96,5282,4817,36,9045,7753,52,19892,16999,82,38516,32226,101,770775,655748,112,0.0800892
140603,122816,90,62695,54269,90,2099,1981,23,3810,3539,35,8620,7380,53,16004,15390,69,305976,279028,105,0.087097
102707,96765,85,36596,35453,80,1825,1654,20,2859,2669,30,5940,5718,45,9517,9309,59,206494,201197,98,0.105117
115645,111371,86,49867,48773,82,1776,1604,20,3361,3122,33,6541,6041,45,12415,11837,64,264332,251753,98,0.10812
150593,125631,92,56847,45840,91,1724,1462,19,3483,2778,37,6948,5706,47,12680,9979,62,276116,232215,108,0.120134
177631,142642,100,60773,49141,95,2158,1534,25,2937,2331,34,9007,7512,55,14240,11723,71,304939,252450,114,0.121135
217685,181693,114,61862,49793,100,2753,2343,30,5287,4477,43,10510,9155,57,19305,15833,76,383947,343007,117,0.142158
129157,114383,88,49506,42928,87,2172,1632,25,3527,3181,34,7109,6406,47,13622,12457,66,299006,280361,101,0.147164
73354,71635,87,23695,23377,69,952,1019,3,1678,1765,19,3627,3442,32,6200,5855,40,137701,132350,91,0.159177
158377,145149,94,72753,67144,89,1758,1496,22,2820,2613,35,6855,5780,47,11537,10353,61,237333,202106,102,0.16118
157786,136649,92,60821,51653,90,2001,1505,21,3755,3049,36,8178,6912,50,14619,12999,74,307878,284286,105,0.172192
136718,120644,88,40009,34944,86,1546,1505,16,2512,2636,30,6896,6058,46,11400,9934,67,227737,207797,103,0.173193
236903,200568,102,151440,134802,100,4126,3557,36,9025,7678,60,15873,13687,69,28054,24241,100,593623,519533,116,0.174194
290025,227635,114,157871,126452,114,4674,3914,37,8470,7423,55,17534,15385,73,27985,25069,98,597150,539730,121,0.174194
91380,90135,84,33207,33086,77,1504,1472,15,2937,2404,31,6271,5989,45,10216,10493,57,232769,219359,95,0.1792
125593,115786,100,43560,41161,84,1858,1640,20,2650,3080,27,6194,5850,44,10278,9688,57,224715,211270,102,0.185206
196119,144248,100,77530,57114,97,2897,2141,31,4158,2843,46,9748,7128,64,16563,12175,72,383998,294328,114,0.195218
80304,79442,82,17981,17870,53,1011,803,0,1158,1504,15,3627,3615,33,5722,4856,45,132819,124968,93,0.196219
239711,179414,106,101925,78514,102,3977,2729,39,6267,5009,50,14263,11220,67,23022,17452,87,494534,382898,120,0.208232
97762,98218,78,20336,19665,59,1607,1731,18,2503,2709,27,6409,6468,41,11417,10808,57,237688,225066,96,0.212236
111771,107109,86,48280,45845,82,1651,1622,17,3180,2989,31,6423,6521,41,11136,10614,61,246974,226792,99,0.214239
115509,111391,82,28137,27147,79,1865,1437,21,3186,2708,34,5904,5816,40,11038,10893,55,234614,219679,99,0.231258
159131,131619,93,64004,54117,92,2008,1680,25,3732,3230,36,8010,6642,53,16268,13382,77,327123,280495,109,0.270301
68456,67083,76,23605,23562,65,758,721,0,1737,1702,16,3310,3121,31,5061,5022,39,122839,119241,91,0.283316
168590,153296,90,115167,107117,89,3621,3401,31,7079,6657,46,12696,12295,62,23516,22813,87,478197,446218,101,0.293327
95515,93742,90,41535,40864,79,1392,1355,13,2056,1653,25,4580,4523,38,7668,7485,48,169153,161045,96,0.299334
76951,74477,79,27667,27424,76,1093,1081,7,1340,1301,16,3325,3217,33,6575,6084,49,134842,129155,94,0.301336
215917,162934,107,78209,60287,101,2628,2078,32,4007,2913,42,9664,7436,56,16562,13249,80,375829,302556,119,0.308344
151251,121759,96,51862,42030,91,2219,1757,26,3771,3122,39,8862,7177,51,16128,13578,79,336609,281531,109,0.324361
102242,96943,98,29280,28591,79,1570,1495,17,2514,2258,28,5566,5645,40,10534,9886,57,215185,207557,98,0.326364
84989,82729,95,28181,27550,77,966,1005,2,1493,1954,19,4530,4695,37,7894,8084,45,167871,166467,95,0.337376
194911,155746,98,79149,63171,94,2047,1713,25,5251,3590,51,9441,7375,59,15474,12232,71,353531,297145,112,0.340379
130101,122241,86,45135,41773,85,1432,1269,13,2477,2982,28,6139,5964,42,11331,10513,63,232555,217293,102,0.352393
123683,119787,87,82269,79308,84,2303,2097,25,4183,3950,38,8556,8138,56,14552,13567,68,305899,289837,99,0.364406
210410,160386,106,72889,55840,100,2267,1998,25,4075,3031,40,8910,7032,58,15619,11867,67,341433,272641,117,0.390435
107458,101686,91,49290,47966,81,1878,1443,20,2589,2476,27,6510,6263,44,10702,10015,61,256488,242601,98,0.396442
114243,106673,85,36689,35309,82,1285,1334,16,2750,2531,33,5721,5465,42,10244,8958,55,220366,205979,97,0.407454
99207,94857,84,38026,36197,80,1467,1320,14,2066,1968,25,4821,5123,35,8179,7735,50,175660,165199,95,0.413461
117903,107136,87,40471,38201,83,1579,1659,18,3092,2868,35,5926,5494,45,10352,9027,55,216953,197941,101,0.419467
133944,125031,88,61705,57683,86,2139,2005,24,3461,3495,32,7596,6993,49,14574,12798,63,293043,263929,100,0.43048
159562,134212,98,53768,45174,90,2152,1964,24,3204,2763,37,8440,7210,54,13671,11796,63,315085,273536,108,0.442493
78250,76587,80,24628,24218,74,973,981,0,2037,1938,23,3460,3374,32,6576,6880,46,134913,133917,89,0.463517
93673,89283,85,31216,30513,77,1416,1342,13,1904,2060,24,4949,4452,40,8189,7978,48,190744,180188,95,0.473528
95371,91464,94,29441,28475,78,1245,1310,14,2438,2366,27,5530,5170,45,10350,9751,52,213652,207640,94,0.479534
124280,118880,87,40069,38370,80,2085,2098,21,3310,3140,31,6100,6112,42,11315,10433,53,242766,227761,99,0.482538
93123,88957,83,59503,57761,80,1492,1186,11,2491,2409,28,4853,5048,37,8923,8368,48,196307,188128,96,0.487543
181863,148767,96,70786,57891,96,2359,2136,23,4324,3876,39,10092,8211,62,18379,15236,75,373276,316618,113,0.490547
102638,99018,82,34703,33843,80,1700,1408,19,2666,2652,28,5615,5782,39,10366,10448,52,208818,198297,98,0.494551
149392,125768,93,47573,38328,91,2131,1676,22,4384,3699,42,7306,6328,47,12676,11170,66,270091,228803,108,0.505563
85200,80365,93,33387,32044,79,1213,1234,11,2217,1991,24,4258,4168,35,7671,7140,50,163674,155908,96,0.509568
94734,92220,82,31640,30970,77,1242,1211,12,1692,1794,19,4415,4541,36,6815,6670,45,164556,158988,95,0.536598
252700,161218,122,83509,53850,118,3396,2204,36,6554,4315,54,13736,9324,73,23938,15626,95,525532,357181,134,0.5386
121153,109624,89,50615,45524,85,1858,1714,20,2748,2516,29,6967,6370,44,11921,11360,60,261434,247937,101,0.541604
181656,149123,96,55798,45330,94,2636,2173,27,4403,3962,38,9521,8182,54,16116,14004,71,378977,323875,111,0.551615
118534,96692,94,39194,31716,87,1427,1130,13,3072,2498,34,6145,4815,49,10226,7819,62,228317,183967,105,0.557621
184258,148529,97,72857,58501,95,2765,2164,29,4774,3806,43,9729,8253,56,18495,15658,77,388791,341850,109,0.56563
130287,118595,89,44481,39367,84,1683,1500,21,2964,2958,30,7916,7806,48,14361,12635,71,298067,274302,103,0.570636
231640,169485,102,81025,60328,99,3296,2276,35,5320,4218,46,12045,9107,63,20181,15572,89,434134,334375,117,0.571637
82487,79084,80,37035,35809,78,1128,1316,11,1274,1560,18,4898,4619,41,7344,7132,46,172606,169455,93,0.576643
163413,133082,95,58088,47895,93,1961,1650,23,4363,3609,36,8369,6723,54,14583,12085,74,288298,243338,111,0.58365
203196,174023,99,78118,67066,97,3072,2539,31,4461,4103,35,9558,8608,51,17627,16238,77,349296,330415,113,0.588656
102244,92674,99,43463,38757,99,1371,1193,11,2982,2904,29,5794,5395,42,8905,8599,54,218020,193002,99,0.588656
70985,70398,79,26653,26476,75,847,881,0,1897,1597,21,3668,3756,32,5655,5767,40,119129,116135,92,0.594663
112707,109519,85,44886,43886,81,1736,1672,20,3042,2834,32,6180,5918,41,11444,11422,63,212593,205864,98,0.594663
115393,110541,84,38472,36568,80,1651,1756,19,2992,2889,29,6744,6311,46,13156,12157,62,263656,254507,98,0.596665
257933,202833,111,89684,70385,111,3483,2585,35,5909,6041,40,13918,11705,69,25058,21265,89,527398,470960,125,0.615686
77343,74807,80,21853,21315,62,877,989,0,2296,1936,22,4325,4114,35,7575,7164,49,156856,155690,94,0.617688
85428,84072,78,16095,15873,49,1297,1289,12,2140,2386,25,4058,4001,35,8151,7987,48,173092,167398,94,0.63671
108355,104440,83,39443,38577,81,1608,1751,18,2393,2792,28,6344,6046,43,13212,12572,64,264140,255818,99,0.637711
84885,81544,81,35179,34204,78,1169,1140,13,2520,1918,27,4868,4547,40,9031,8667,58,181761,177438,96,0.642716
313968,211388,146,126444,86185,141,4685,3040,41,7695,5167,50,15827,11109,83,27423,18713,108,615497,427266,159,0.652727
96853,97081,81,19392,19444,55,1519,1455,17,2017,2009,21,4697,4857,37,8401,8290,51,167615,158555,95,0.652727
184458,145547,108,72901,57733,99,2318,2046,25,5094,4452,41,9080,7282,56,15932,12840,83,351690,295900,115,0.65473
194994,175348,96,106774,95478,93,4012,3474,36,8178,7324,53,16576,14678,69,28294,24745,97,586049,512733,109,0.656732
126294,116716,87,46230,43390,84,2174,1879,25,4070,3870,33,8369,8129,51,15722,15307,70,308315,296052,102,0.692772
94673,91704,82,31049,30059,79,1399,1394,18,2809,2505,31,4618,4737,38,9841,9348,53,187423,174419,97,0.700781
153304,133253,91,54456,46387,89,2052,1867,23,3969,3663,36,8308,7357,48,15557,14542,68,330958,301179,106,0.705786
139130,126417,89,49922,45235,85,1917,1571,22,3205,3586,31,7825,7365,52,13007,12060,68,269561,252899,103,0.713795
88834,84869,83,36713,36287,79,1433,1237,12,2204,1757,27,4841,4737,39,9081,8830,56,185057,176651,97,0.715798
146370,133270,89,55505,51254,85,2398,2041,26,3701,3471,33,8265,7700,49,13401,12591,63,283140,265667,101,0.722805
109155,102104,85,43072,41632,81,1596,1551,17,2906,2721,30,6454,5967,46,11308,11032,53,233527,220916,99,0.728812
127118,119975,101,66290,64476,84,2232,2077,23,3417,3251,35,8098,7219,51,14032,12501,74,283896,246754,100,0.733818
68912,68292,84,26442,26143,75,969,966,0,1380,1091,16,3506,3403,33,6981,6853,46,137843,132721,92,0.733818
128900,118630,89,39051,35532,85,1701,1594,21,3309,2972,30,6086,5723,46,11384,10076,69,223885,215633,102,0.738823
169857,133366,96,66593,52331,93,2343,2068,25,4414,3134,42,9434,7664,52,18050,14300,75,366242,302127,110,0.754841
149619,117095,93,60155,47495,92,1760,1236,19,3586,2583,37,6828,5396,50,11344,9202,59,277080,224022,110,0.765853
76643,76063,79,27728,27308,75,696,692,0,1641,1441,17,4124,4049,35,7772,7708,42,164974,155804,93,0.772861
167091,136697,97,55335,44215,93,1983,1521,25,4018,3256,34,8657,7375,56,14672,11998,73,309082,260412,111,0.788879
78142,77525,78,24792,24532,75,862,932,0,1485,1692,18,3578,3486,33,6130,6426,41,135419,136491,94,0.799891
135242,125937,85,58146,53838,85,2103,1629,25,3864,3698,34,8492,7686,53,14697,14639,66,309192,292558,101,0.809902
83400,78996,89,28869,28082,77,1272,1394,12,1763,2261,22,4832,4844,38,8615,7816,54,185478,175648,92,0.810904
190616,167181,97,88776,78383,95,3479,3140,31,5882,5493,43,12334,11000,67,20983,18486,82,452911,420267,111,0.812906
81301,78241,87,34328,33769,77,1388,1125,9,2189,1833,25,4202,4290,34,7394,7332,46,157496,154111,93,0.814908
251696,192798,105,85972,65702,100,3545,2692,35,6542,5001,51,14142,11103,66,23273,18040,87,489358,381297,119,0.824919
244368,184943,114,85779,65328,108,3030,2317,32,5226,4493,41,11620,9072,64,19076,14745,82,411817,323237,126,0.827923
144714,117032,98,53004,43483,91,2076,1638,23,3487,2798,34,7303,5749,48,13801,11196,68,270605,227987,108,0.831927
93734,92368,83,21244,21168,57,924,979,0,2628,2354,28,4825,4646,38,8563,8019,55,185934,178675,96,0.838935
256521,171989,111,84123,57375,107,3042,1910,37,6732,4625,51,14494,9757,77,23243,15647,94,526063,356182,125,0.845943
191309,164305,93,54200,45447,90,2239,1785,25,4322,3409,39,9171,7618,54,15961,13573,71,331584,298068,107,0.845943
131096,108368,94,51579,43708,88,1468,1398,15,2796,2702,30,6592,5292,49,10549,8815,57,220127,184429,103,0.847945
102064,97347,83,25955,24852,76,1722,1830,19,2679,2701,29,6386,6565,43,10657,10549,50,240229,234003,96,0.849947
51888,51706,75,15305,15517,50,613,702,0,1249,1003,1,2402,2520,25,4431,4721,34,85552,86474,89,0.86196
191809,152343,105,64107,51033,93,2770,2097,31,4516,4282,40,11025,9248,65,18263,14928,76,395967,332914,113,0.868968
137961,116636,102,51990,43309,88,1654,1461,19,2551,2318,30,6083,5108,46,10288,8654,62,202602,172311,105,0.874975
135161,125254,87,54089,51614,84,1691,1419,22,2699,2670,28,5940,5739,44,10839,10005,60,220502,206617,102,0.894997
116980,110073,85,41714,39475,81,1607,1333,17,2825,2391,34,6059,5545,43,10556,10135,60,212073,198729,97,0.895998
172515,153345,95,59491,53164,89,2356,2039,25,4680,3954,37,9834,8872,58,18194,17204,76,367355,344388,108,0.899002
173069,154921,93,64705,58861,88,2127,1992,24,5046,4923,37,10297,9362,61,16473,15296,81,394941,364132,107,0.904007
65499,65460,79,21842,21550,61,851,796,0,979,1119,8,2762,2899,27,4773,5025,34,95569,91815,93,0.919024
92654,91932,79,42652,41586,79,1250,1164,10,2801,2704,27,5244,4918,38,9969,9297,54,206595,197162,96,0.920025
130471,125080,83,51243,48885,82,1777,1623,20,4124,4090,37,8095,7372,50,12976,12303,69,294235,275120,100,0.921026
164693,146614,91,121241,111087,90,4296,4236,33,7442,6347,47,16458,14878,73,30063,27534,93,620373,561219,106,0.94205
112726,110446,86,70412,68822,82,1543,1552,18,3111,2730,33,6394,6263,44,11206,10598,60,243839,232058,97,0.944052
170095,130006,102,54309,39733,97,2031,1425,26,4227,3061,43,9680,7169,58,15644,11928,70,355753,276074,114,0.955064
112580,107494,84,57185,56020,82,1455,1564,16,2849,2378,28,6792,6782,42,10311,10125,57,244127,233433,100,0.962072
137503,119193,100,52577,45755,88,1881,1264,20,3756,3075,40,7584,6928,48,13674,12165,65,296765,266937,105,0.964074
169086,134688,99,56263,44342,94,2654,1931,34,4260,3719,39,9549,7651,55,16828,12884,75,356678,296577,111,0.972083
210067,161695,102,90773,70052,100,3283,2599,33,5028,3527,48,10712,8731,58,20998,16836,88,425719,345837,118,0.986099
118556,106973,86,47913,42795,84,1391,1199,15,2535,2660,26,5877,5121,44,11156,10069,61,237670,219950,102,0.992105
82842,81471,82,29330,28996,76,1370,1293,14,2043,1801,20,4430,4532,37,7462,7335,45,175084,161364,94,0.997111
126772,119928,86,46864,44667,82,2204,1840,26,3102,2603,35,8102,7745,50,15724,14092,70,313706,285006,100,0.999113
115158,110642,83,45613,43654,81,1016,1184,10,2664,2292,32,5627,5513,42,9566,9510,49,196798,183410,99,1.00912
103878,97102,82,54082,50587,82,1434,1172,13,2879,2514,31,6670,6788,43,11438,10958,61,247365,234432,98,1.01513
106972,101320,95,33414,32535,79,1381,1371,15,2718,2492,31,6151,5506,44,10696,9777,57,240134,226140,98,1.02915
154198,140893,99,51761,46201,86,2765,2164,30,4313,4396,36,9086,8248,51,14952,14073,62,330356,310937,102,1.03015
231558,190144,106,118018,99880,100,4125,3680,36,7595,7054,45,16185,14748,75,27253,23757,100,556480,514821,116,1.03916
145235,123871,97,42115,35610,88,1830,1315,21,3436,2873,31,6991,6425,46,12810,11625,60,256299,235370,103,1.05017
78904,78509,79,28224,28130,76,983,1021,4,1710,1645,20,3612,3711,34,6846,6479,44,135181,131025,91,1.05117
102998,98682,82,39516,38181,80,1754,1740,20,3045,2883,35,5526,5160,41,10029,9632,54,211049,199986,98,1.05317
65300,64508,77,25383,24689,74,524,510,0,1145,1295,12,2981,2956,28,5438,5484,40,127191,125741,91,1.06018
154862,129570,96,61678,51799,89,2513,2048,27,3719,3078,34,8256,6786,58,15786,13361,72,314109,271917,107,1.06419
103399,96731,85,43466,41000,82,2080,1741,22,3401,2458,35,7071,6316,47,11459,10893,52,262410,245572,95,1.06719
278829,183882,126,107655,72356,120,3530,2212,40,6579,4468,50,13409,8741,71,22278,14838,93,470319,312102,138,1.06719
161254,146887,91,74852,67323,89,2604,2302,28,4476,4332,37,9309,9076,55,16243,15385,70,350774,333180,103,1.06719
167246,133846,93,52728,41510,91,2340,1965,26,3842,2824,43,9263,7264,56,16065,12488,74,348240,281571,109,1.06719
183246,154942,102,68600,58476,93,2693,2058,29,4310,4256,35,10111,8875,61,17268,15140,72,382555,357469,103,1.07219
137322,117751,93,41667,36297,87,1609,1277,18,3643,3232,29,7100,5760,51,11389,10774,59,234693,212982,106,1.0752
168174,136613,95,54335,42616,91,2283,1950,24,4281,3864,38,9348,7495,57,17441,13769,79,351746,296921,109,1.09021
108314,104193,87,34943,33691,80,2180,2010,22,3177,3200,31,7522,7378,45,13723,12477,65,283143,273978,99,1.09622
110808,107348,83,28999,28126,80,1767,1675,20,3203,3005,33,6337,6207,41,10268,9917,55,227985,217594,98,1.10023
96961,95191,81,32731,32205,79,1389,1422,15,2925,2711,29,6341,5967,44,11917,11806,63,260682,245166,97,1.10423
227070,178169,103,116327,92553,101,3849,3047,36,6380,5077,45,14983,12388,67,24340,19633,93,525862,423723,118,1.11424
228627,165157,105,91066,63973,101,2593,2090,30,4787,3261,43,10835,8015,65,17114,12645,81,376650,279619,118,1.11524
197263,168468,100,61398,50508,98,2571,2196,29,4881,4017,42,9810,8558,60,16392,14552,75,352705,302710,114,1.12025
118325,112814,86,29830,28705,80,1791,1813,18,3866,3614,36,7752,7453,50,13797,12923,70,306527,290192,100,1.12826
65139,66339,76,27419,27333,74,799,756,0,1386,1341,13,3485,3657,33,6104,6376,42,129841,127819,91,1.13426
134735,116243,104,43089,36089,88,1856,1730,22,3747,3158,38,8036,7321,49,13670,12812,64,301022,272513,104,1.13627
214533,172751,116,85558,68959,106,3055,2451,31,5438,4609,43,12182,10262,59,20858,16778,82,440425,369882,124,1.13927
93824,92862,79,33888,32762,79,1786,1544,20,3017,2810,32,6694,6482,42,12472,12845,64,262560,256279,96,1.14327
48799,49181,74,19219,18925,58,597,461,0,1319,1408,16,2970,2835,31,4901,4536,39,135314,131276,89,1.14628
174920,151852,92,76785,64789,92,2722,2113,29,4474,3689,43,9622,8560,56,16084,14929,73,343166,312556,109,1.14728
155149,123924,94,63171,52772,90,1864,1567,20,3022,2425,34,6986,5850,46,13753,10582,74,263219,215361,108,1.1683
216668,180235,105,65114,51997,101,3197,2421,31,5144,4505,41,10912,9454,60,19183,15536,81,407199,346779,117,1.1683
322144,214548,147,146458,105608,134,5427,3555,45,11779,8709,58,22103,16568,87,37419,27075,136,810141,609904,150,1.1703
69207,70026,78,28619,28571,75,756,870,0,1534,1648,20,3434,3329,33,5851,6049,39,135973,135190,92,1.17531
159058,125630,96,59675,47535,92,1694,1231,24,3669,3236,36,6973,5377,50,12707,9540,65,275713,211712,109,1.18732
221580,176083,105,63426,49385,98,2497,1829,30,5250,4187,42,11492,9182,68,18516,14928,74,400451,334168,117,1.19333
115485,107512,85,37050,34269,81,1607,1659,19,2935,2615,32,7032,6700,44,13062,11819,62,272712,260771,99,1.19834
111513,104641,86,32301,30709,81,1050,1066,6,2205,2441,25,5914,6027,40,10486,9865,61,211810,200521,100,1.20534
99111,96826,81,25000,24009,71,1821,1984,21,3195,2698,31,6730,6576,44,12554,11798,60,252262,237393,95,1.20835
179391,147346,95,57620,46414,91,2392,2041,25,3330,2639,36,8815,6867,56,14310,12063,72,295903,243752,110,1.21235
101437,99580,83,19493,19368,54,1296,1286,15,2402,2776,26,5471,5623,39,9967,9765,55,213737,204753,97,1.22036
96927,93133,86,55180,53658,80,1456,1392,14,2214,2469,28,5429,4915,43,9329,8859,59,204267,190900,95,1.22837
122315,120831,82,41226,40501,80,2145,1816,23,3340,3690,31,8125,7665,50,13175,12349,59,293566,277240,99,1.23938
136518,122168,87,42878,36769,89,1987,1740,22,2777,2336,30,6636,6331,45,11142,9795,60,251523,226119,105,1.2544
164899,138605,98,71549,60552,94,2577,2144,28,4143,3647,36,9164,7874,51,16396,13819,77,323907,282364,111,1.2544
129208,116948,89,36614,32577,84,2213,1959,23,3119,2772,32,7713,7430,46,13683,13033,67,285175,261206,102,1.2554
89628,87899,81,35092,34165,78,1280,1201,11,2071,2428,21,4952,4876,39,9105,8616,54,191720,191985,96,1.26441
237103,187246,111,121779,101382,107,3060,2626,31,6632,5180,48,12393,10084,66,20883,17787,84,457214,388867,124,1.26541
119078,111928,86,54469,52299,81,1796,1916,20,3275,3362,32,6836,6372,45,11457,11768,52,252347,244084,100,1.27142
105124,104052,84,34248,33809,78,1691,1718,19,3530,3337,31,7003,6961,46,13325,12613,68,264083,254847,97,1.27642
81654,80388,81,21905,21549,57,1161,1120,8,1792,1958,22,4392,4181,37,7969,8094,48,170873,164104,94,1.28343
124204,116567,90,51739,48809,85,1952,1823,22,3504,3375,35,8482,8092,49,15173,13884,69,314970,300830,102,1.28643
119039,114582,94,38941,37438,80,1437,1397,18,2860,2916,29,6385,6023,44,12117,12313,66,243862,230695,99,1.29144
102730,99037,83,38867,37560,79,1375,1388,16,2389,2688,25,5573,5461,41,10239,10204,53,206820,194383,97,1.29144
110270,107024,84,28174,27620,79,1351,1284,13,2845,2648,31,5665,5571,41,7925,7743,49,188651,183143,98,1.30345
130632,107779,92,45509,36878,89,1434,1095,11,2442,2060,31,6789,6008,49,12409,11076,66,258488,229488,104,1.30746
199396,167887,100,87656,75818,96,2765,2117,29,5880,5080,47,10084,8693,56,17205,15313,74,365159,320648,114,1.31446
189473,152443,98,66747,55222,95,2435,1822,25,4348,3410,43,8861,7410,53,15439,12469,69,345228,291999,113,1.31547
199779,170294,102,83860,69844,95,2895,2768,28,4996,4454,37,11147,9695,59,18227,15433,71,384862,341436,111,1.32047
114807,110775,85,56385,53916,82,1809,1390,18,2649,2883,28,5424,4950,44,9960,8881,59,195528,185160,99,1.35851
162929,137497,98,51157,44592,88,2316,2278,24,5610,4457,44,10425,9203,57,18561,16924,83,383590,350251,108,1.35951
106332,104721,81,40487,39519,80,1447,1326,16,2440,2347,25,5106,4699,42,8605,8246,51,188912,181881,98,1.36052
75950,73352,78,30551,29669,77,970,958,0,2013,1712,20,4020,4032,35,7103,6312,51,146345,142277,94,1.36052
183703,155359,107,65198,55579,91,2126,1836,25,3712,2968,35,8549,7538,50,13825,11610,73,280031,254096,109,1.36252
239953,193508,108,112850,93464,102,2870,2260,31,6073,4973,43,12340,10070,62,21495,18198,97,444606,374310,119,1.36652
178057,143058,98,63083,49238,96,2279,1628,29,4021,2697,42,7656,6117,50,15276,12329,70,309561,248827,113,1.37753
140751,130794,87,71003,67816,86,2159,2142,24,4163,3728,38,9590,8754,55,16086,15394,72,331474,302415,103,1.37854
199038,163524,102,67108,53970,96,2891,2133,29,5026,4249,45,11846,9650,64,19941,16653,79,397366,342013,112,1.38454
159517,122813,95,62916,48916,93,2236,1791,27,3968,3133,44,8754,6402,58,15968,12060,69,331633,266165,110,1.39055
64943,65083,71,26475,26020,74,955,757,0,1238,1528,14,4011,3864,37,6375,6324,41,152092,147553,91,1.39155
92708,89900,80,29948,29619,77,1137,1200,11,2285,2104,30,4552,4657,35,9619,9157,52,193221,185346,96,1.39255
81085,77760,81,18929,19042,55,1062,1139,8,1799,1854,22,3738,3471,35,7038,6498,50,142718,138334,94,1.40457
164227,139476,95,65749,55870,90,2305,1992,26,4569,3905,35,8855,7092,57,15556,13463,70,320291,272175,107,1.40557
165746,138623,93,60566,49974,92,1863,1742,20,3949,3237,36,8415,7082,57,14713,12072,73,321605,270866,109,1.41358
89806,86296,82,30898,29763,79,1344,1279,14,1857,1732,21,5156,5284,40,8942,8521,49,188240,179069,93,1.41858
239303,188465,109,97085,78783,103,4697,3472,40,8461,7353,54,17807,14453,78,31978,26574,106,679180,554021,122,1.42158
133628,117013,87,58654,50458,88,1361,1259,15,3194,2853,32,5850,5471,43,10691,9332,56,215119,189197,104,1.42759
89166,88084,80,29202,28381,79,1503,1452,19,3156,2908,28,5968,5816,40,10557,9913,52,220596,214604,96,1.4346
202722,156427,101,78385,60320,100,2423,1955,25,3974,3306,37,9511,7515,57,15621,12393,66,339265,268276,118,1.4366
68426,65844,80,26349,25898,69,507,657,0,1301,1232,12,3557,3159,34,5309,5081,39,121177,119433,92,1.4376
100410,95553,81,27080,25716,77,1450,1364,17,2883,3063,31,6741,6719,44,12014,11160,60,249113,238445,97,1.44261
82909,81659,78,31065,30166,77,1137,991,0,1827,1957,23,4454,4215,37,8078,7479,50,182585,175234,94,1.44561
101899,99546,83,33488,32863,79,1584,1343,17,2982,3080,30,6698,6262,44,12160,11925,57,253095,242884,98,1.45262
131167,116391,88,55199,49411,86,2072,1736,21,3230,2987,32,7048,6532,49,12186,10764,61,242168,229158,101,1.45262
95597,90224,86,28194,27355,78,1383,1346,14,2305,2575,26,5634,5154,42,10176,10018,53,210273,201673,97,1.45362
96604,93704,80,27290,26800,79,1451,1289,11,2367,2341,27,4872,4736,37,9591,8880,58,208673,196570,97,1.45362
143416,124984,91,55620,49841,88,2417,2066,27,4146,3445,37,8648,7625,51,15416,13217,64,320983,291259,106,1.45462
166460,153298,93,59043,55409,88,2773,2493,28,4559,3991,38,10137,9459,56,18918,17458,82,379927,351765,107,1.45562
202284,171103,105,81919,68989,91,3196,2937,30,5731,4711,45,14801,12350,73,25180,21514,93,503814,415022,109,1.45662
170686,141984,97,76604,65447,94,2599,2298,25,4090,3758,37,10120,8440,59,17466,15401,76,372870,319383,112,1.46663
240691,179258,110,78863,58585,106,2996,2207,33,5774,4491,45,12615,10053,61,22862,17633,82,471453,368631,124,1.46964
109241,105462,91,37819,36521,80,1503,1255,14,2179,2272,27,5350,5165,39,9014,8086,54,187675,179502,98,1.47364
103226,100624,82,24620,24065,74,1213,1241,10,2787,2764,32,5584,5332,41,8841,8630,48,197265,186127,97,1.49266
126226,120217,93,37461,35586,82,1873,2064,23,3327,3253,30,6957,6607,46,12873,11600,63,260721,248087,101,1.49567
167826,139388,99,56580,46866,92,2082,1967,22,4058,3413,39,8229,7397,53,16157,13566,70,343988,301569,109,1.50067
79837,76673,86,30351,29838,77,1158,857,0,1755,2339,22,3853,3953,34,7116,6511,49,152816,146039,95,1.51469
104114,97466,85,33361,31559,80,1287,1244,15,2665,2770,29,5872,5347,43,9847,9217,50,227205,211904,96,1.51969
198098,168291,97,81868,71755,96,2762,2491,27,5125,4550,44,10979,9834,55,19009,16337,83,405446,365811,113,1.5257
158094,146377,93,94837,89227,87,2082,1956,22,4672,3874,40,7904,7210,50,13411,11804,65,282543,262021,104,1.5277
139433,126860,87,40492,35550,86,2210,1983,26,4293,4055,34,8104,7360,54,15572,14798,69,323607,294568,103,1.53071
188515,151388,101,64004,51173,95,2638,1882,29,5030,3785,46,9880,8083,58,14936,12772,69,336646,272766,113,1.54873
88427,86714,82,38802,37896,78,1124,1149,8,2068,1868,21,5093,4883,39,8697,8930,48,197937,192351,95,1.54973
162819,130062,92,64601,50507,93,2208,1807,26,3846,3060,38,8653,6769,56,15729,12863,75,325331,256809,110,1.55373
41151,41260,75,14744,14907,48,405,483,0,597,951,0,2050,2099,24,3715,3737,33,66952,67343,87,1.55473
56977,58048,74,16551,16470,50,501,609,0,1109,1357,14,2774,3143,27,4651,4274,40,94301,92820,90,1.55974
140403,128455,99,47838,42896,86,2032,1774,24,3947,3439,35,8143,7755,46,15246,14315,66,312015,293074,103,1.56574
137071,120614,91,48508,42488,86,1930,1782,24,2809,3039,29,7428,6375,51,13045,11667,64,277042,250446,104,1.57776
196885,151428,102,72129,53929,99,2712,1990,31,4811,3783,45,9816,7460,57,17854,13763,78,350119,272775,116,1.58376
220679,167614,102,81875,62579,101,2832,2261,32,5374,4336,45,12163,9039,64,21848,15709,92,441209,335463,119,1.58477
105884,105898,82,31993,32048,78,1845,1750,21,2494,2470,29,6854,6578,46,11244,10203,65,241717,230481,96,1.58577
249162,189609,112,108657,84399,109,4084,3258,37,8816,6752,51,17608,14417,76,30411,24228,109,624174,514889,125,1.58677
114911,108819,85,32919,31471,82,1871,1785,21,2995,2747,31,7304,7089,47,12737,11896,65,278690,267136,100,1.58677
87577,85759,82,38379,38031,77,1005,1009,4,2095,1915,24,3889,3951,33,6998,6272,48,151785,144255,94,1.58777
113135,106669,84,45644,43920,82,1709,1598,18,2545,2547,33,6932,6482,47,11997,10959,65,258845,241896,100,1.60279
268212,210575,113,137916,113662,108,5080,3833,39,8594,7001,51,19237,15907,82,34689,28028,110,724240,602842,126,1.60379
115056,108983,90,43131,41107,82,1972,1842,22,3485,3315,32,7049,6963,44,13221,12648,59,275596,260918,100,1.60979
133831,128283,83,41219,39843,82,2165,1942,23,4046,3636,39,8706,7916,56,16025,15376,76,337976,321830,101,1.6168
106824,104007,82,35322,34405,79,1937,1704,20,2838,2630,30,5458,5404,38,10751,10150,52,225862,218252,97,1.6178
87457,86113,81,19865,19609,57,1431,1241,16,2203,2481,28,5128,5129,40,9118,8908,56,191131,185185,96,1.62982
105957,103688,83,33473,32623,79,1447,1234,18,2399,2625,26,6357,6081,43,10119,10079,57,220013,206400,97,1.62982
88683,85605,81,32028,31313,79,1221,1109,10,2094,1978,23,4514,4348,35,6957,7213,43,134152,128893,97,1.64684
129431,114596,88,46657,40809,86,2116,1743,24,3312,2676,30,7371,6638,48,12106,11048,54,253798,236344,103,1.65785
91016,88521,87,26354,26075,79,1123,1045,6,1543,1981,21,4475,4567,36,8270,7826,47,172780,166529,97,1.66085
260490,193620,112,100594,73097,110,4210,2992,39,8253,6648,54,15651,12297,68,27622,21486,106,601716,482706,125,1.67086
112187,108869,85,29614,28491,81,1554,1654,19,3420,3102,34,6273,5849,44,10966,10690,59,198889,194347,99,1.67487
96724,96601,79,29567,28940,78,1305,1318,13,1885,1830,23,4701,4970,37,9472,9068,57,185845,176199,97,1.68087
147740,131029,94,71264,63781,88,2052,1847,24,3729,3079,38,7968,7077,50,13493,11653,72,260330,235476,106,1.68087
98182,89375,87,53916,49024,82,1657,1483,20,3175,2742,33,5343,5089,42,8912,8742,55,210154,192353,98,1.68488
157793,122345,95,65064,51541,94,1994,1500,24,2915,2863,32,7676,6520,50,13970,11394,67,287573,225343,111,1.68788
201385,155180,106,78445,60540,102,2422,1873,26,4423,3455,39,9464,7365,56,17015,12768,74,362378,292449,120,1.69289
135667,119892,92,41416,35729,87,1936,1703,23,3248,3477,32,7093,6553,46,12468,10577,64,265476,243888,104,1.69489
127405,115432,88,49594,44924,84,2165,1675,21,3447,3221,34,7312,6856,48,13044,11905,65,274407,258594,101,1.7089
85209,84162,80,31644,31056,76,991,1358,11,2067,2226,26,4324,4022,36,8321,8072,57,171100,166289,94,1.71892
187096,144430,102,66537,51900,95,2713,1765,34,4261,3649,39,10771,8369,61,18941,14784,74,422581,332142,114,1.72492
60678,60600,77,17974,18109,52,698,809,0,1085,1509,15,2833,2837,30,4772,5052,37,104556,104390,91,1.73493
93898,84791,96,49994,46340,82,1336,1306,14,2461,2205,25,5049,4611,40,8129,7642,45,197609,183741,99,1.73694
99252,98086,82,30522,29805,78,1406,1233,17,3208,2592,31,5829,5367,42,10644,10367,54,196728,183023,97,1.73694
177763,150948,94,68756,57726,95,2161,1942,23,3898,3386,35,9477,8154,57,15712,13834,67,328941,286154,111,1.74394
133994,110599,93,48920,40724,88,1736,1229,20,3285,2683,35,6658,5436,50,12016,9997,58,253357,216395,106,1.75295
122363,119991,87,38996,38076,81,1768,1751,21,3921,3693,34,7457,7252,44,12276,11631,59,256133,244372,100,1.75596
166870,126504,105,62610,46677,93,2605,1805,32,4505,3162,42,8729,6127,57,14018,10781,68,335074,253899,110,1.75996
132177,120583,86,44236,39179,85,1843,1853,18,3113,3131,30,6608,6233,46,11572,10520,60,247599,225427,101,1.76597
121479,114944,92,41803,40592,81,1815,1786,22,3211,3205,28,7112,6753,48,12715,12326,62,257661,236970,99,1.76597
74705,73803,77,29899,28961,76,1242,1079,8,1848,1631,25,3775,4256,31,6927,6679,47,160032,156298,93,1.76697
116475,110890,86,38381,36850,80,1602,1484,18,2494,2431,26,5466,5314,42,9920,8989,52,213335,202100,99,1.76697
211981,163049,101,87422,67721,99,3689,2701,36,6261,4981,49,13601,11224,74,23810,18617,98,506275,423708,116,1.76797
89334,85839,89,19535,19148,57,1282,1373,16,2591,2468,27,4834,4661,38,9306,9247,57,205092,202672,95,1.77298
147398,119277,96,53084,42729,91,1913,1795,22,3050,2680,35,7764,6316,51,13697,11870,63,290242,244105,109,1.77898
167568,139207,96,50203,41013,89,1852,1757,23,3382,3340,34,8181,6966,51,14067,11321,71,312842,275125,109,1.795
158492,127819,105,58396,46898,89,2398,2044,25,3367,3156,33,8612,6980,53,16217,13231,70,325712,265525,107,1.795
240461,171812,118,84234,58614,103,3177,2119,34,6418,4170,52,12957,9626,68,21910,16047,96,457924,333714,121,1.80001
80548,80835,83,22626,22832,64,756,701,0,2201,2069,24,3839,3980,32,6389,6060,44,129323,129522,94,1.80301
51898,51875,74,23744,23568,68,569,590,0,1048,1394,11,2814,2839,29,4229,3666,36,108532,103486,89,1.80401
105472,103111,84,24943,24336,70,1352,1389,16,2753,2538,29,5828,5956,39,10542,10504,51,237939,223562,97,1.80501
120687,105875,92,40456,35801,85,1684,1445,18,3023,2496,30,6528,6006,42,11533,10743,59,240537,223039,104,1.80701
105335,104212,81,37309,36386,79,1387,1433,15,2622,2402,29,5483,5272,42,10759,9974,55,207268,196822,97,1.80801
141444,121464,93,52902,45175,88,2164,1758,24,3937,3684,36,8826,7410,53,16078,13259,86,318615,284495,106,1.81602
168422,145140,105,78460,70025,92,3335,2683,32,5329,4810,41,12029,10995,59,21355,18807,86,435605,383192,109,1.81903
104674,101001,82,45309,44342,79,1581,1525,17,3249,3186,32,5832,5452,41,10222,10719,55,232973,223423,97,1.82704
106740,98769,84,37098,34086,83,1284,1161,14,2760,2635,30,6540,5857,43,10463,9293,55,230362,218045,99,1.82904
208303,157648,114,64837,48137,96,2719,2018,32,5417,4498,46,12538,9469,65,23482,17855,85,466484,359550,115,1.83204
139356,114575,94,58361,47541,89,2240,2171,22,3404,2651,34,7913,6959,50,14261,11265,72,313510,265171,106,1.83504
105650,101560,88,44475,43364,81,1320,1262,15,2884,2254,33,6290,6030,46,10375,9574,59,230248,221006,99,1.84405
180677,156099,98,85546,75276,91,2305,2151,24,4188,3843,37,8628,7864,52,14600,12943,71,318611,282207,109,1.84506
108514,105026,85,36971,36512,79,1525,1332,16,2689,2868,27,5548,5314,40,9538,9174,51,210163,203852,98,1.84706
141828,126238,88,48461,41842,87,2035,1954,23,3597,3245,38,7729,7042,47,14835,13098,73,317115,287645,104,1.85006
156638,129497,92,54318,45171,91,2209,1777,23,4229,3390,42,9190,7603,52,16934,13169,75,327563,271663,108,1.85507
216176,177170,108,90758,75470,100,3280,2827,31,6260,5393,45,11743,10048,58,21831,17955,90,466182,404967,114,1.85707
156888,140341,91,55125,48624,90,2297,2056,24,4140,3817,35,9952,9101,52,15835,14608,74,345514,327302,108,1.86207
121921,108452,89,43473,38467,85,1703,1429,20,3272,3122,33,7385,6629,47,12908,11539,71,268455,243362,103,1.86608
104366,102283,80,25962,25646,77,1436,1510,17,2797,3077,27,6714,6241,47,11098,10783,59,242776,232099,96,1.87309
103705,100224,82,38208,37650,79,1312,1353,13,2357,2670,28,5465,5210,43,9797,10050,56,209340,199732,97,1.89411
151250,123161,106,54766,44058,91,1663,1497,18,3621,2773,35,7443,6050,49,12710,10635,61,265303,217596,108,1.89711
167534,131724,94,67896,54351,93,2267,1831,24,4448,3118,44,9621,7908,55,16860,12757,73,347409,274245,111,1.92114
217199,161407,103,81424,60392,99,3249,2208,34,5981,4470,47,12442,10017,65,23109,17273,90,479605,353539,117,1.92414
214229,151576,106,80951,57441,103,2705,1703,32,5288,3743,47,12152,8872,67,18708,13137,78,436508,302124,121,1.94116
107297,102902,84,36685,35356,79,1569,1540,17,2980,2831,29,5488,5427,40,8626,9095,48,192976,185460,98,1.94216
219124,179101,108,123132,104008,98,4287,3655,35,7602,6549,49,16745,14341,81,27854,24721,98,606089,537138,114,1.94317
101305,97941,89,23587,23775,63,1455,1461,15,2524,2217,28,6072,5887,42,10963,10883,56,232136,222763,97,1.94317
149260,129524,90,61368,54039,89,2420,1957,28,3935,3238,39,7691,6564,51,14220,12040,67,286912,256860,106,1.94417
191819,141691,116,72986,53638,98,2504,1960,26,4959,3825,43,9622,7549,60,17677,12423,80,407109,299247,116,1.94517
103814,101371,79,23463,22962,66,1482,1489,18,2747,2371,30,6170,6236,44,9891,9296,59,210172,200014,96,1.94717
109138,105302,83,47243,45939,80,1445,1628,18,3194,3026,30,5766,5602,41,12193,11644,63,245498,236873,95,1.94917
182400,142263,96,69104,53288,94,2579,2112,29,4737,3658,47,10026,8024,56,18821,14666,76,388791,301838,111,1.95418
120517,112284,91,44380,40933,83,1654,1672,16,3615,3616,29,7112,6575,45,13154,11424,64,274356,258894,101,1.99122
68193,65841,78,29238,28323,76,792,662,0,1662,1879,22,3993,4013,31,6411,6984,41,160306,158183,93,1.99222
160027,150536,89,103423,98182,87,3192,2988,30,5590,4710,40,11165,10634,63,18834,17327,89,402445,386228,104,1.99322
81143,81972,80,28886,28521,76,1179,993,0,1708,1626,18,3823,3641,36,6802,6385,47,157095,147279,94,2.00223
98011,96077,80,37387,36680,79,1646,1280,14,2196,2491,27,5055,5280,38,10535,10675,53,208278,201832,97,2.00223
66069,66768,76,19523,19539,58,800,1069,5,1410,1305,19,3787,4047,32,6592,6412,43,137011,133134,92,2.01424
92303,90605,79,30231,29779,76,1509,1387,16,1777,1952,23,5551,5674,41,9305,9052,52,214734,202289,95,2.02125
122033,117610,87,25356,25010,73,1883,1840,21,3527,3362,32,7702,7363,48,12462,12120,64,274063,258875,100,2.03427
79885,77148,84,27646,27654,76,1121,934,0,1613,1698,18,4035,3919,36,6650,7172,43,152265,153460,94,2.03427
115735,112129,87,43606,42766,81,1915,1941,22,2759,2733,29,6764,6475,45,11276,10655,58,233190,217244,99,2.04728
93864,90900,81,33781,32344,78,1112,936,0,1952,1906,23,4277,4153,37,7824,7545,45,160580,156216,96,2.04828
86121,83367,79,29670,29088,78,1069,970,0,1846,1927,26,4660,4336,39,6955,6614,44,165599,161465,96,2.05329
230030,183194,103,74387,58236,101,2652,1844,31,5539,4613,47,10062,8490,55,18772,16388,83,389225,327268,117,2.05929
129170,115085,89,46732,41413,86,2076,2020,22,3472,3172,33,7059,6648,44,14259,12690,67,287931,259736,103,2.0653
52626,52345,64,17855,17921,54,717,765,0,1256,1510,12,2136,2035,26,4105,3857,36,83792,82943,90,2.06931
90639,87812,80,26175,25533,76,1086,1015,4,1708,1827,22,4683,4543,37,8501,7791,48,182227,172418,96,2.07631
108956,104531,84,40691,39604,81,1551,1517,17,2614,2670,29,5886,5690,43,9799,9416,61,208627,202081,98,2.07731
106690,104107,82,37544,36490,81,1535,1254,15,3049,2724,30,5903,5992,41,11932,11221,62,255849,236677,99,2.07932
89755,87131,89,37303,36794,78,1149,1228,12,2240,2460,23,4501,4781,35,7147,7609,42,167347,157756,95,2.09033
50243,51651,68,17806,17880,52,786,871,0,1274,1103,9,2355,2265,24,4942,4629,39,95030,95373,88,2.09033
149746,126631,95,61948,52848,90,2099,2039,23,2803,3025,28,6665,5627,47,13467,11784,68,270367,237248,108,2.09133
144695,122738,90,41444,35108,87,1851,1472,20,3354,2814,36,7276,6249,50,12002,11058,58,266169,227984,106,2.09734
100225,92285,86,37406,34583,80,1625,1474,17,2482,2837,29,6525,6056,43,10683,9992,60,227288,214319,99,2.10334
90370,88608,80,26115,25748,74,1025,946,0,2013,1993,24,4405,4262,36,8079,7750,47,164673,160288,96,2.10334
68304,66711,85,21964,21995,59,958,902,0,1142,1339,12,3037,3217,29,4649,4506,35,107652,104750,92,2.11335
170536,148302,91,66461,56858,90,2567,2040,29,3949,3599,39,8916,7717,53,15517,14049,67,324593,293151,107,2.13238
110514,105700,99,25507,24490,67,1740,1552,19,2306,1964,25,5209,5058,38,9171,8700,51,193493,184320,99,2.14739
103152,101032,83,26374,25691,78,1348,1402,18,2533,2513,26,6120,5684,41,10323,9775,55,219795,215225,97,2.1544
131408,121458,99,61764,56527,86,2130,1749,25,3191,3376,30,7617,6937,47,12606,11275,59,271228,252740,101,2.16541
100551,98429,85,24700,24209,71,1378,1216,12,3205,2918,32,5098,5114,41,8669,8372,50,188044,182515,96,2.17342
141121,125684,90,57438,51737,86,2264,1818,28,3933,3334,35,8525,7518,54,14182,13556,66,300343,280576,103,2.17442
161715,130719,95,52462,41481,92,2055,1816,26,4002,2984,36,9049,7373,58,15563,12586,76,324824,263585,110,2.17542
135091,123450,91,33611,30055,84,2481,2202,25,4169,4095,39,8832,8148,51,14575,13810,68,335437,316077,102,2.18944
86558,84534,78,32699,32060,77,920,934,0,2043,2002,22,4464,4343,36,7980,7404,49,170834,165241,95,2.18944
110188,106275,90,31227,30980,80,1345,1421,16,2571,2435,28,6095,5856,41,11970,11097,61,236683,229765,99,2.19044
94049,92274,80,23567,23157,65,1140,1337,15,2879,2531,26,5368,5167,41,10777,11188,59,225051,216831,96,2.19144
209055,158280,109,78946,59518,99,2450,1939,28,4905,3882,48,10353,7886,60,17419,13356,74,369001,296617,117,2.19945
147369,122514,94,58456,48737,92,1749,1397,25,3816,2965,40,8110,6546,53,14540,12945,67,319175,280386,109,2.20746
159762,125845,95,68143,53768,93,2003,1480,22,3425,2852,35,8028,6145,52,14031,10760,62,310346,244009,110,2.21347
174905,153144,91,76998,67606,91,2765,2451,28,5022,4477,41,10473,9829,54,19817,17579,81,409018,385072,108,2.21347
138000,109909,94,53076,42869,89,1530,1309,19,3144,2803,32,7476,5818,55,13563,10638,71,266749,211220,107,2.22047
181278,154591,99,96089,81366,95,3474,2906,33,6140,5446,50,12280,10618,66,21920,19209,90,464098,418845,110,2.22948
147885,130164,89,68908,61013,89,2132,1862,25,3700,3353,34,7647,7205,50,13530,11633,68,283397,267379,104,2.22948
155552,124464,99,67521,56087,92,2195,1539,26,3370,2880,33,7712,5890,52,13290,11178,69,297493,245833,108,2.23249
182163,144858,98,70704,55476,94,2326,1901,27,3614,2689,40,8826,7162,56,14808,12091,69,321483,266498,112,2.2455
75276,73803,78,25367,24909,75,1286,1002,2,1674,1159,18,4176,4312,35,7714,7455,51,156833,155995,93,2.26352
82779,79845,82,29832,29514,78,884,1202,9,1014,1255,16,3477,3080,34,5689,5968,41,126892,122606,96,2.27053
107338,103862,85,21305,20811,61,1336,1266,14,2786,3055,28,5929,5602,41,10976,11221,57,224151,218001,97,2.27253
207804,163430,97,65642,50516,95,2661,2268,29,5041,4319,43,10211,8110,60,17349,12991,73,385088,310378,114,2.27253
111994,102679,85,45392,41081,83,1813,1590,22,2774,2887,28,6194,5916,44,11768,11030,56,246805,229992,100,2.28455
191691,155301,98,68987,54916,95,2296,1784,27,3949,3291,36,8908,7454,51,14260,10525,71,308733,255717,113,2.28655
49987,49905,74,24421,24134,70,745,670,0,995,896,0,2329,2474,25,3816,3919,35,88635,87641,87,2.28855
81032,77128,80,26118,25529,73,1205,1230,12,1687,1927,19,4200,4124,37,7402,6962,49,149332,145096,93,2.29456
95713,93004,80,35229,34583,79,1332,1428,15,2156,2229,23,5714,5865,41,9526,8994,52,197043,187986,97,2.29456
257585,212534,106,148784,124397,105,4493,3295,39,8299,7320,54,15786,13105,70,27827,23836,101,594188,494362,118,2.29556
124641,118967,89,32004,30543,81,1704,1629,18,3291,2952,32,6696,6307,46,12482,12317,62,254391,239424,99,2.29656
169643,140962,98,62698,51262,91,1972,1618,21,3478,2752,39,6761,6042,46,12412,10119,65,257704,215770,109,2.30257
205662,159258,101,71770,55775,96,3004,2287,31,4611,3976,42,10041,8066,55,17311,13713,76,344460,277621,114,2.31758
155923,131291,96,61888,52729,89,2386,1968,27,4183,3574,42,8506,7099,52,14775,13596,71,331799,282985,107,2.31758
145044,124298,100,58746,49475,91,1843,1444,20,3435,2576,36,7015,6145,50,12719,10748,72,287187,246073,107,2.32559
214122,178947,109,76745,64903,98,2481,2099,24,6273,4884,51,10101,8586,56,14018,12621,59,427928,389691,114,2.32659
76462,75624,78,30179,29767,77,1096,1236,10,1733,1517,24,4006,3742,35,7287,7408,45,152897,143686,94,2.3326
131714,116049,84,47130,40349,85,1862,1666,23,3610,3162,42,7936,7031,50,14153,12678,60,314854,278474,102,2.3346
250550,201027,108,86209,69898,105,2774,2489,27,5558,4311,46,10935,8627,60,18230,14658,77,400965,327118,123,2.3366
127212,121364,84,53497,50542,84,2134,2046,24,3808,3303,36,6873,6656,43,11602,10806,59,253941,234821,101,2.3366
86674,82173,89,26240,25912,76,808,933,0,1973,1927,23,3797,3735,33,6473,6389,43,145118,140575,95,2.33961
89755,87627,87,30499,29753,78,1194,1054,7,2186,2106,27,5004,4733,39,8710,8236,52,175727,175175,95,2.34061
91020,88714,86,27097,26198,77,979,1077,6,2158,1888,24,4526,4358,37,9025,8853,54,188758,182740,95,2.34261
104954,102948,82,15365,15194,49,1363,1222,14,2401,2426,27,6244,5871,42,11455,11084,58,245996,236081,97,2.34361
97461,93694,86,26849,26256,73,1072,1305,10,2642,2191,25,5308,5141,40,9168,9108,51,177668,170864,97,2.35362
84502,82979,78,22694,22295,62,1190,1175,12,2394,1975,28,4962,4757,40,9450,9591,57,195842,184449,95,2.36263
66057,65645,77,26489,26364,74,916,870,0,1831,1639,15,2530,2841,26,5237,5259,38,116453,109152,92,2.37865
190901,157422,95,69935,57362,93,2923,2361,32,4444,3430,40,10113,8725,56,16858,14021,75,367850,318202,112,2.39667
168823,133447,112,65941,51522,95,2377,1681,28,4055,3087,47,8748,6882,58,15338,12071,67,322927,263887,112,2.40868
180482,142377,97,80937,64851,96,2326,1891,28,3910,3475,38,8902,7112,57,15159,12030,77,334160,279538,113,2.4187
133690,123994,93,48878,45298,87,2054,2035,22,3246,2740,32,7138,7199,50,12763,12109,64,284312,269883,104,2.4217
166807,134319,97,57833,46809,93,2116,1758,26,4045,3741,38,9232,7730,58,15184,11958,72,341100,273435,111,2.43171
102603,98237,84,39724,38603,80,1292,1418,16,2846,2515,33,5663,5705,39,10693,10047,60,222689,211357,98,2.43672
112121,106873,85,35557,34676,81,1621,1531,18,2874,2652,28,6132,5981,42,9852,10165,48,207049,192831,99,2.44472
88408,87996,79,34081,33123,77,1174,1246,11,1885,2146,25,4790,4522,37,8143,7741,52,178384,171979,95,2.44773
111513,100826,85,43866,39746,85,1081,1058,7,2542,2362,28,5334,4701,40,8678,8078,48,190564,179036,101,2.46375
165914,132516,105,68702,55963,94,1819,1693,22,3675,2609,49,7914,6775,51,13100,11123,57,275024,222014,111,2.46475
75546,74200,80,22062,21805,62,910,1083,6,1801,1378,27,4294,4010,35,7531,7856,44,158804,154786,94,2.46675
115408,110207,84,43113,41016,83,1682,1391,14,3337,3017,31,5799,5614,42,9729,9430,57,218748,207671,99,2.48377
107583,105231,85,46222,44759,82,1857,1742,20,3245,3108,32,7175,6764,44,12274,11480,66,267411,262933,98,2.48377
183805,148143,100,68457,55560,96,2159,1741,24,4628,4000,38,8337,6741,53,15378,13137,66,309307,261964,112,2.48577
188712,158204,104,72803,62378,92,2741,2194,28,4170,4292,37,9094,7358,57,15398,13711,68,324551,286800,110,2.48977
245996,189918,103,97244,72019,103,4181,2920,39,6981,5198,52,14620,11731,68,25517,19303,105,523654,416013,120,2.49278
243075,181162,111,94610,70403,105,3266,2369,33,5315,4483,43,13344,9681,73,21694,17757,76,465791,359866,123,2.49278
172234,156948,95,69983,64214,91,2945,2719,27,5803,5235,40,12119,11427,61,20675,19872,80,459688,423550,109,2.5098
170049,154464,92,58414,52204,88,2582,2429,27,4051,3549,36,8654,8061,52,15446,14016,66,316579,291731,103,2.5128
155478,143602,91,74559,69913,88,3017,2840,28,5061,4683,37,11872,11378,59,19448,18701,73,412086,379246,105,2.52181
108370,102971,86,34842,34027,80,1484,1480,16,2208,2262,27,5637,5407,42,9922,9259,58,210022,199614,99,2.52181
138727,107528,95,56223,45038,92,1856,1604,24,3024,2415,36,6716,5327,48,11960,9275,63,259055,205421,109,2.52882
144472,120122,101,45422,36448,90,1674,1519,18,3056,2784,35,6617,6045,47,12582,10329,60,245379,205523,108,2.52882
141656,112742,92,57041,45647,90,1947,1421,23,2977,2458,35,7434,5910,49,13101,10217,75,283753,229290,107,2.53282
108799,105592,89,41834,40461,80,1637,1676,17,3079,2868,31,6298,5682,46,11676,11229,55,236785,224700,98,2.54183
314759,213963,129,110284,74987,127,5075,3436,43,8709,6070,56,19039,13936,77,31905,23032,122,696045,510643,144,2.55084
140816,117335,96,52152,44204,91,1521,1328,15,3460,2713,35,7891,6837,52,12673,10276,67,285613,241395,108,2.55284
103920,100198,88,38220,36882,80,1535,1162,16,2401,2340,25,4976,5088,37,9474,8792,57,196452,189373,98,2.56185
243649,178955,108,79359,60029,103,3207,2002,37,5969,4554,49,12350,9113,64,22282,16230,85,466894,356361,121,2.56986
184751,143263,95,67864,51914,94,2411,1827,26,4391,3339,42,10022,7424,59,17672,14030,72,380509,304937,112,2.56986
103827,105667,78,24457,24122,74,1431,1606,18,3516,3417,28,5920,6038,42,11348,10426,57,237180,227635,96,2.57487
117889,111309,87,42759,40942,82,1760,1565,20,3037,2880,29,6348,6325,42,11477,10938,62,247418,232293,100,2.58088
126991,117383,86,46567,43436,83,1391,1270,14,3185,2286,40,5423,5416,40,9249,8297,50,205841,178982,102,2.58088
139272,123993,91,59381,53219,88,1671,1659,18,3160,3036,32,7586,6743,48,12456,11305,61,282461,257806,104,2.58488
122580,114429,86,44580,41508,83,1572,1223,13,3120,3045,29,6182,5944,42,10792,9800,53,240587,221193,101,2.58688
90710,87959,83,23225,22976,74,844,1069,6,1902,2026,19,4102,3948,36,6808,5999,45,148146,146386,96,2.59389
63476,68837,67,16595,16559,51,686,895,0,2163,2229,20,3409,3349,33,5896,5777,39,141824,135627,91,2.59489
112004,99594,93,44509,39094,85,1395,1191,15,2887,2389,30,5950,5158,43,9327,7781,57,210078,185515,101,2.64295
82131,80814,79,32810,32334,76,1077,1021,3,1787,1577,16,3437,3567,33,6763,6682,44,130374,127684,94,2.64795
58430,58738,76,27479,27488,73,785,615,0,1125,1093,8,2410,2340,26,4807,4260,42,90182,90881,90,2.64995
96875,94956,82,48017,47075,79,1241,1197,14,1972,2133,21,4707,4168,39,8367,7684,58,179147,175303,96,2.65296
80156,77778,85,21795,20199,78,1143,1058,5,2279,2010,22,4264,4148,34,6652,6465,45,129687,116874,94,2.65296
74631,74233,77,23799,23665,70,916,903,0,1698,1685,18,3924,4180,33,6301,6133,44,140780,137403,94,2.66097
124947,105421,91,43250,37146,86,1715,1565,19,3195,2475,39,6253,5339,46,9918,8693,55,213755,188523,103,2.66497
126673,113032,93,45883,39970,87,1857,1659,19,3121,2912,31,7452,6753,50,13696,12539,68,276345,252603,103,2.66597
113104,108797,84,36420,35624,80,1358,1507,18,2728,2632,30,6042,5724,41,9618,8925,52,197150,187870,99,2.67098
122456,115129,86,45028,41181,84,1925,1614,21,3476,3531,32,7477,6992,47,13135,12099,62,295032,270851,100,2.67298
130484,114957,89,52165,46157,86,1963,1720,22,3433,3177,32,7774,7031,50,13727,12622,69,303864,274967,104,2.67298
171054,138924,102,78697,65345,93,1854,1775,21,4559,3366,44,9154,7444,57,15385,12479,74,344449,281596,111,2.70101
138195,117775,91,48485,39914,88,1659,1258,24,3162,2777,37,8312,7083,53,14264,12818,60,308915,264603,106,2.70201
209961,157846,98,81691,61211,97,2674,2001,31,4961,3812,48,10932,7852,60,20589,14774,89,424061,326613,112,2.70201
107019,102859,94,28806,26998,82,1626,1583,19,3091,2916,29,5874,5395,46,10830,10358,67,238081,223645,99,2.70201
119246,114484,85,29660,28700,81,1866,2131,21,3634,3524,30,7386,6825,46,12619,11746,56,265234,250552,99,2.70401
225494,164459,102,95778,68833,102,3000,2020,35,4730,3904,42,11856,8787,66,19311,15030,88,435408,331228,119,2.71603
130805,113945,87,59023,51670,86,1693,1460,18,2867,2571,31,6965,6498,45,12400,11114,60,264577,235694,104,2.71703
107928,106111,83,45820,44842,80,1260,1425,16,2328,2423,26,5433,5191,43,8949,8484,52,192091,186395,98,2.71903
193198,150546,100,68975,53149,98,3010,2234,32,5067,4300,46,10516,7948,60,19870,15571,83,404442,323318,116,2.72003
113962,105584,82,47740,43889,82,1964,1824,21,3657,3288,35,7338,6663,46,13035,12664,63,258680,247605,100,2.72003
163947,134011,92,62032,50156,91,2374,2106,27,3796,2903,40,8300,6499,54,14224,11965,67,325825,268620,108,2.72303
146834,119512,97,60482,50693,91,2235,1799,26,3051,2644,32,8481,7466,51,16214,13650,78,325129,282206,109,2.72604
95436,93825,84,35638,35410,77,1679,1727,18,2668,2830,26,5837,5574,41,10578,10206,52,222136,214103,95,2.72604
94995,90975,81,44896,44191,79,1272,1021,6,1699,2000,21,3970,3886,34,6179,6419,44,143693,141699,96,2.72904
127782,115510,88,58374,53120,86,2176,2017,25,3866,3497,35,7604,6830,49,14154,12853,69,277344,258267,103,2.73305
124499,117841,85,47290,44667,84,1870,1721,22,3839,3443,35,7900,7727,48,15254,14218,72,311718,295042,100,2.73405
135175,108520,93,45398,36426,89,1671,1363,15,3410,3013,32,6800,5914,51,12010,10037,61,247250,198645,106,2.74206
38030,37189,67,16123,16072,49,406,453,0,868,781,0,1963,1808,24,3564,3733,34,82251,81513,87,2.75507
93213,88527,87,37612,36527,79,1417,1208,15,2479,2517,25,4657,5027,36,9309,8665,51,192845,185036,96,2.76008
82322,79453,79,30529,30040,77,1024,894,0,1518,1606,18,3702,3270,35,6684,6138,49,139282,135486,95,2.76708
110110,105034,93,34827,33585,80,1691,1501,18,3275,3502,33,7256,7010,44,13944,13102,64,289921,280797,99,2.76909
34397,35410,70,19211,19438,55,672,667,0,365,623,0,1804,1749,22,3113,3402,29,63740,64914,84,2.77609
130403,114148,98,43546,37724,85,2165,1606,25,3081,2873,33,7004,6291,50,12882,11364,68,269296,242581,103,2.7791
84061,81323,82,27345,26850,77,961,956,0,2232,2099,20,4400,4339,37,8219,8105,46,175124,167364,96,2.79111
100463,97504,83,37953,37099,80,1399,1580,15,2059,1926,21,5548,5144,44,9843,9832,51,198382,191435,97,2.79912
112546,106466,91,52797,50756,83,1687,1615,19,3311,3293,31,7273,6924,47,13282,12254,66,270312,264157,100,2.80112
90287,88186,79,39347,38721,78,1185,1377,13,1630,1584,21,4420,4296,37,7889,7750,45,160450,149775,95,2.80713
131200,122141,87,48825,46577,83,1881,1556,23,3962,3735,37,7714,7641,46,13985,13884,57,307384,295806,102,2.81914
119461,111500,87,35397,30701,85,1356,1402,18,2966,2630,33,6609,5810,44,11162,9813,66,239084,217249,101,2.82715
90801,90142,80,33665,32978,78,1398,1362,14,2311,2410,29,4938,4816,40,9450,9496,47,189690,180123,96,2.83416
152613,138746,89,57565,51596,87,2265,2062,26,3640,3077,40,7809,7151,53,12563,11752,60,270429,250219,104,2.84117
96815,94760,81,39237,38250,79,1061,1086,8,1653,1741,20,4142,3970,37,8348,7969,47,166278,158619,96,2.84317
193593,148793,100,62398,47386,97,2783,2372,30,4539,3356,42,10616,8362,63,18356,14012,77,420063,324271,115,2.84517
108114,104919,82,41520,40893,79,1370,1453,15,2554,2136,33,5275,5072,38,9852,9362,58,212871,202555,97,2.84817
178747,147916,94,75045,63655,91,2209,1503,25,4261,3572,37,8231,7141,56,14884,12525,69,297880,255621,109,2.85418
126480,118063,87,68121,63200,84,2670,2616,27,4530,4177,42,9739,9020,53,17482,16464,71,389682,351233,101,2.85618
155018,129601,93,59057,48220,91,2001,1647,23,3292,2937,35,8435,6824,53,15760,13800,74,319506,270434,108,2.85818
198004,150920,106,64325,48181,97,2886,2221,32,4655,3521,44,10720,8476,56,19404,15194,95,399617,315616,115,2.85919
54565,53739,76,11596,11678,44,489,629,0,1310,1241,13,2338,2324,25,3796,3538,35,86634,84187,89,2.86019
111181,98092,85,34283,29577,85,1656,1486,15,2505,2490,30,6664,6011,47,9782,8906,56,224076,200174,101,2.88922
95487,92614,84,36534,35774,78,1305,1221,13,1909,1991,24,4858,4526,40,8017,7894,53,165459,156848,96,2.91024
109115,106003,85,21262,20828,64,1597,1390,19,2677,2666,27,6021,5948,42,10682,10291,57,211641,199034,99,2.91325
102205,98625,87,39317,38625,80,1156,1116,9,2475,2429,25,4756,4509,38,8303,8119,54,169789,162916,98,2.91925
154043,132523,108,37466,31043,90,2182,1882,25,3526,3329,36,8444,7080,52,13556,11668,66,295326,269034,108,2.91925
333237,228765,152,106430,73524,134,4145,2875,37,7547,5050,58,15482,11287,76,26691,18060,116,548713,381394,152,2.92025
51945,53278,73,17434,17463,54,582,829,0,1158,999,0,2624,2678,28,4056,4054,35,87722,85239,89,2.92126
171023,149029,94,64698,55577,92,2307,1918,25,4274,3644,43,9352,8400,52,16515,14027,74,330831,292755,109,2.92526
152798,124923,97,62470,51868,91,1860,1365,20,3755,2985,40,7173,5765,49,13874,11029,67,280711,230428,108,2.93928
168420,129406,100,64352,49195,92,2340,1803,27,3592,2530,31,8494,6938,53,13945,10877,67,297760,233198,109,2.93928
197044,148824,101,63317,46218,98,2861,2205,28,5051,3624,42,10276,7457,63,20071,14874,83,406507,311701,117,2.94028
100916,96674,83,45455,44407,80,2102,1841,23,3056,3194,28,6471,6136,42,12994,12282,57,252042,238395,97,2.99334
111106,103535,91,43893,40945,81,1622,1489,17,3049,2419,35,6312,5896,43,11069,10364,61,236484,224756,100,3.00535
135231,128713,87,40818,39555,83,1920,1604,22,3350,3500,30,7276,6800,47,11209,10878,59,260496,248592,102,3.01236
127494,107505,90,49647,41632,87,2046,1466,25,2943,2515,35,7462,6058,51,12804,11318,69,257275,218494,102,3.01836
138863,110299,92,50388,40680,90,1722,1395,18,3167,2388,39,6741,5609,48,12135,9938,70,242172,194279,107,3.02237
154924,121808,96,49674,38530,92,2182,1692,26,3704,3112,36,8115,6210,51,15397,12238,74,322451,262884,110,3.02737
141054,114030,93,53901,43062,91,1821,1673,22,3109,2841,34,8409,6910,51,14958,12517,67,321194,271190,108,3.03338
165435,140484,93,76626,66696,92,2523,2107,26,4030,3229,38,8146,6919,52,13571,11802,73,312849,278445,107,3.0534
130640,124473,87,37478,35906,82,2153,2030,24,4001,3751,37,8094,7610,50,13272,12295,68,289458,273894,100,3.05841
72284,71756,79,20624,20597,58,770,621,0,1549,1804,15,3116,3131,31,5875,5517,45,119983,113472,93,3.05841
61414,59624,88,25547,25641,69,711,624,0,612,1003,1,3017,2882,31,5634,5510,42,109341,109605,91,3.06542
130935,123044,85,40475,38089,82,2057,1737,24,4022,3625,38,8100,7932,46,13829,12959,65,302360,289580,101,3.08143
140781,118865,92,53837,44769,90,1582,1763,19,3487,3085,38,7385,6024,50,11973,10173,59,250150,209868,107,3.08444
102472,98678,87,27119,26635,77,1413,1403,15,2232,2356,26,6025,5884,40,9711,9283,57,213232,208983,97,3.08544
80578,76924,85,53750,53144,78,2478,2243,27,3675,3772,35,8648,8340,49,16122,15063,77,301880,291558,95,3.08544
177950,130840,103,76994,56766,99,2235,1737,28,4268,2932,40,9138,6497,58,15869,11677,73,336492,248463,116,3.10446
128915,114168,99,36494,32109,84,1714,1751,20,2847,2917,31,6360,5650,47,12437,11337,66,251897,227908,104,3.10746
164380,125213,96,66481,50592,93,2378,1650,30,4014,2948,41,8400,6378,53,16130,11730,80,344849,265295,111,3.10846
86395,84900,83,30743,30162,78,1368,1153,11,2054,1856,29,4122,4303,32,7432,7291,42,148754,142700,97,3.11948
144009,133290,88,43442,39300,86,2224,2105,22,3332,3234,32,7756,7185,50,14089,12168,74,291873,270386,103,3.12148
112926,110487,82,50771,49841,79,1444,1471,18,2397,2043,32,6628,6270,45,11378,10816,55,231174,223055,97,3.12248
105215,99110,86,48412,45819,83,1507,1467,16,3022,2728,36,6933,6932,43,12112,12106,60,256230,255078,100,3.12648
157486,141514,94,60563,54879,88,2755,2302,27,4425,3981,41,9708,9029,52,16122,15558,77,331112,305289,106,3.12849
183523,144050,101,68883,53713,94,2080,1593,25,4086,3528,41,9375,7568,54,15895,12647,73,345693,275919,112,3.12849
94419,92016,81,34449,34515,78,1180,1182,11,2488,2208,28,5542,5372,39,9306,9072,52,215819,209101,96,3.1375
177456,146082,96,54512,42969,94,2196,1509,27,4721,4045,43,10089,8673,56,16640,13235,72,388437,313809,111,3.1375
123958,116223,84,48279,44329,83,1938,1813,22,3347,3161,31,6903,6404,48,12187,10970,61,269646,248771,100,3.14851
157840,134302,93,55180,47425,90,2164,1904,22,3232,3079,33,7228,6580,52,13517,11561,71,272997,242660,108,3.14951
103832,101259,90,29679,29171,79,1976,1655,21,3532,2763,36,7414,7252,44,12753,12199,57,272906,256691,98,3.16052
267201,188507,118,90176,65028,111,3785,2434,39,6539,5051,49,15383,10716,73,24950,17766,104,544477,397480,127,3.17454
50391,49906,75,16046,16021,50,696,612,0,1382,1045,8,2010,2094,24,3939,3947,36,73594,70768,87,3.17654
137586,124754,89,50927,46159,86,1964,1684,21,4001,3632,38,8526,8288,50,16032,15117,75,319136,297298,103,3.18155
123176,116218,88,48678,47604,82,2274,1951,27,4277,4212,33,7472,7171,46,12992,12612,61,249225,237577,101,3.18655
167888,134271,110,59332,47066,93,2313,1875,27,3594,2697,37,8501,6411,56,13888,11050,70,307102,250212,110,3.19056
179188,131843,99,60581,45065,94,2101,1406,26,3844,3482,38,8937,6577,53,17056,13169,80,328611,247952,112,3.19256
82162,81156,81,27597,27145,76,1376,1336,14,2369,1945,28,4562,4343,37,8599,8592,52,188069,185854,94,3.19556
215066,161591,99,63720,46539,98,2854,1953,32,4947,4086,42,11449,8539,64,19645,13995,79,426943,338246,117,3.20257
103198,99315,91,23012,22317,65,1521,1543,16,2770,2820,29,5685,5842,38,10726,10513,59,214398,201550,97,3.20357
87726,85814,83,38407,37631,78,1249,1278,11,2571,2497,26,4927,4980,39,8307,7741,51,189930,183284,96,3.20457
60231,58333,81,20043,19930,57,957,932,0,1451,1423,15,2893,2707,31,4491,4630,36,109632,106773,90,3.20557
128669,114419,98,39878,35662,86,1785,1541,20,3161,2858,33,6065,5282,47,10337,10050,59,232083,216001,101,3.20958
80603,77502,91,37956,37788,77,906,845,0,1724,1566,24,4011,3898,36,7864,7760,47,162127,153571,94,3.20958
283850,191248,115,100099,65150,113,4070,2527,41,7861,5130,57,17537,11569,78,28103,19333,113,637323,437319,131,3.21058
137869,120431,92,44372,38292,87,2360,2161,24,4004,3449,32,7826,7085,48,14400,13363,71,308757,282438,104,3.21358
166267,142405,92,60532,50035,91,2294,2109,24,4312,3637,38,9215,7482,57,17233,15620,74,336489,315954,108,3.22359
101958,98655,82,38066,36137,81,1433,1508,16,2219,2320,26,5712,5600,40,8827,8127,48,199409,192690,98,3.22359
96354,94532,79,27169,26980,77,785,1001,1,2031,1670,26,4541,4338,38,6993,6606,45,154887,148410,96,3.2286
92211,89074,84,28227,27762,77,1580,1595,18,2476,2184,26,4838,4987,38,9128,8532,48,184848,180229,94,3.23761
90057,86238,88,26474,26174,73,1389,1385,18,2074,2058,26,5191,4864,41,8769,8956,48,191964,182297,95,3.24261
172238,145425,94,73877,64550,91,2167,1730,23,4499,3772,41,9378,8026,57,16648,14369,72,340949,294349,107,3.24261
160634,133462,92,46358,37381,89,1840,1590,22,4127,3275,43,8788,7629,49,14573,12308,66,302005,259218,106,3.24261
56933,55082,77,28238,27896,75,555,563,0,1094,1142,7,2253,2261,25,4458,4700,36,96929,96538,92,3.24662
79731,80018,77,21756,21468,63,1111,1099,7,1966,1995,22,4448,4363,37,8366,7914,51,161593,157394,93,3.25663
178714,138354,102,67368,51860,96,2488,1843,30,4565,3449,37,9299,7079,57,16936,13221,74,355014,275306,113,3.25963
161656,138752,99,58248,49796,89,2544,2112,29,3658,3610,37,8754,7711,55,14585,12777,64,310138,279684,106,3.26664
129157,118556,103,61037,57120,103,1889,1731,20,3950,3871,34,7558,7131,49,13316,11955,69,272732,235203,103,3.26664
137711,127683,94,69926,64876,88,1737,1597,19,3962,3489,37,7774,7242,48,14037,13009,67,269756,257625,103,3.27064
48947,48913,72,16791,16965,51,923,897,0,1671,1261,14,2559,2472,27,4703,4445,41,103548,99445,85,3.27165
70668,71865,78,29662,29078,74,753,570,0,1455,1305,18,3810,3705,33,6707,6737,45,128225,123287,92,3.27865
203122,167648,100,85705,71265,96,2576,2025,31,5897,4815,44,10491,8947,62,18894,16136,79,384702,332014,113,3.28166
74290,73054,79,26283,26025,71,1049,1244,11,2129,2013,24,3716,3508,33,6682,7054,43,151799,149021,93,3.28266
49398,50023,76,13382,13379,47,709,680,0,940,1011,3,2181,2230,24,3700,3646,33,82971,83479,87,3.28466
179353,143052,97,54877,42044,94,2598,1974,29,4311,3358,39,8948,6780,54,16745,13444,82,336630,260659,112,3.28566
142392,122674,92,40767,35222,85,2025,1631,24,3528,2767,35,7081,6345,48,12015,10120,62,248143,226715,105,3.28566
109479,102882,84,42578,40844,82,1330,1524,17,3023,2735,30,6466,6146,44,11240,10184,58,243342,227280,99,3.28967
119303,114398,86,37815,35359,83,1785,1492,20,2807,2619,30,6689,6253,44,10781,10419,62,221254,211813,100,3.29567
113143,104080,85,45011,41449,83,1534,1533,17,2960,2702,32,6495,6054,44,12190,11152,65,261035,246814,101,3.29767
101439,96326,89,35784,34865,80,1397,1543,15,2183,2190,29,5593,5042,40,10202,9772,52,208097,195444,98,3.30668
313624,233626,134,167099,128219,127,5653,4612,42,12826,9929,63,24520,19269,93,40524,31752,129,877897,671342,144,3.31569
97105,94585,82,41347,40346,79,1282,1377,13,2443,2421,23,5062,5004,39,8681,8957,44,200903,188562,97,3.3207
152605,130871,91,51770,43825,88,1949,1777,24,3699,2819,35,7101,6037,49,13189,12004,60,270164,237964,106,3.33872
69902,70370,76,29303,29201,75,820,684,0,1712,1671,20,3002,3075,29,5049,4766,42,117332,112903,92,3.34172
98709,95161,82,33876,32986,78,1397,1330,14,2172,2308,24,5037,4541,41,8630,8935,44,186825,174511,97,3.34172
130672,108051,98,45911,37819,89,1579,1338,20,3593,2846,37,7322,6326,48,13361,10819,64,287469,249929,107,3.35974
86862,87769,80,34187,33600,77,1273,1016,5,2424,1904,27,4956,5095,37,9393,8920,55,200139,194840,94,3.36074
94392,92395,81,24002,23426,76,1375,1342,16,1894,2007,24,4855,4779,38,8523,8238,49,184983,182456,95,3.36875
105987,102174,84,31186,30306,79,1559,1510,17,2582,2555,28,6371,5956,45,11409,10943,65,244977,235019,98,3.37176
81968,80188,79,27218,26676,76,1370,1548,15,2181,2102,26,4751,4785,38,9240,9416,56,183007,174721,94,3.38677
71095,71446,78,25293,24506,72,788,957,0,1701,1583,17,3768,3804,32,6297,6597,41,141695,134277,92,3.39178
129020,125003,84,48677,47005,82,2208,2087,25,3734,3374,37,7874,7399,52,13831,13473,65,307501,289592,101,3.39178
144566,128581,96,50411,44829,87,1777,1343,20,3396,3155,33,7755,7127,47,13480,12307,66,290593,267744,104,3.39979
109927,109458,82,29520,29169,79,1555,1729,19,3559,3380,30,6722,6044,44,10827,10612,59,258208,247892,98,3.40079
188147,146509,103,70409,55291,96,2227,1673,26,4462,3263,41,8645,7135,53,14871,12181,68,315272,248700,114,3.4058
224868,175500,108,68760,54908,100,3106,2309,32,5536,4403,47,13595,11158,65,22205,17773,87,459969,389049,119,3.4058
272414,197943,120,101588,74318,114,3663,2583,37,7392,5031,56,14709,11218,69,24276,16929,104,492146,374392,131,3.41581
116007,113795,82,48315,45828,82,1768,1566,19,3205,2858,29,6355,6183,41,11027,9862,59,245077,232523,99,3.42081
181634,137758,101,65115,50018,97,2425,1664,30,4013,3071,42,8835,6784,58,15498,12161,69,329208,246782,113,3.42482
114540,108350,99,34548,33256,80,1842,1942,19,3748,3494,31,6456,6161,43,11022,10463,61,214903,207223,99,3.42982
179610,134201,98,61394,44934,94,2755,1761,30,4674,3529,41,10147,7372,63,19103,14404,77,380667,282080,113,3.44884
139777,118872,98,57343,49632,88,1663,1424,20,3221,2661,31,7414,6722,49,11643,9685,60,265858,231989,106,3.44984
140860,109176,98,60648,48162,92,1582,1171,12,3231,2822,36,7012,5280,51,11542,9522,65,249416,194743,109,3.46086
179161,134583,101,67871,50864,95,1885,1355,23,4416,3068,41,8017,6264,55,12669,9681,69,293584,235175,113,3.46486
343343,217475,140,178579,123771,139,5799,4021,44,12269,8221,71,27017,19707,104,46292,33783,143,959754,709882,157,3.46686
102061,101391,80,18503,18601,52,1256,1188,11,2587,2675,27,5987,5836,40,10334,10879,53,231378,223311,96,3.46686
92017,90788,95,39465,38826,79,1319,1228,16,2842,2800,26,5786,5464,44,10921,10273,55,229654,215816,95,3.47087
102700,100160,81,38680,37866,79,1327,1295,13,2611,2761,27,5018,4542,42,8290,8412,46,185104,178307,97,3.47487
106063,104362,82,30116,29462,79,1816,1732,20,3082,2931,29,6898,6384,49,10694,10843,50,219001,209316,98,3.47487
107042,105515,84,42047,41267,79,1190,1287,13,2865,2713,28,5502,5236,41,9477,9591,49,202662,188928,97,3.47788
78702,78284,78,30527,30012,77,1442,1488,17,2691,2593,28,4718,4572,38,8847,8644,46,191705,190813,94,3.48488
107440,104786,88,51824,50601,80,1336,1528,15,3254,2812,30,5621,5453,39,10426,10342,55,217075,202879,98,3.50691
158520,130477,109,56586,47254,92,1926,1367,21,3078,2703,33,6838,6400,47,11771,9798,65,248435,209702,109,3.51892
153424,123485,92,64030,51603,91,2058,1583,25,3450,2909,34,8109,6273,51,15016,12074,72,310311,254463,108,3.52993
97709,94248,86,37337,36647,79,1416,1260,15,2644,2321,26,4934,4744,39,7942,7304,53,176123,170627,97,3.53594
79051,77358,89,21532,21206,62,1061,1134,10,1766,1689,21,4296,4071,36,7811,7766,50,162237,161475,94,3.55296
175061,130422,101,71257,54257,96,2642,2191,28,3819,3153,38,8630,6542,56,16907,12701,72,352308,262733,114,3.55596
176061,139084,96,63174,48395,94,2435,1811,27,4377,3696,40,9188,7430,58,17398,13200,87,357169,285668,111,3.56197
78670,79001,79,24342,23795,75,906,786,0,2275,2205,27,4655,4412,37,7503,7363,45,163334,161230,93,3.56497
193817,160543,97,94867,81704,96,4281,3718,35,7316,6392,51,16327,14048,73,28650,24638,99,620624,565712,114,3.56798
47270,47424,78,14858,14919,49,576,606,0,1045,1078,6,2475,2621,26,4578,4053,38,89795,88119,88,3.57098
185943,160423,101,76874,68271,92,2649,2518,28,4969,4751,38,10352,9824,54,19171,17730,82,404611,370960,110,3.57598
153896,139007,89,63110,56361,88,1468,1183,14,3783,3391,36,6473,5785,45,10882,9810,63,250226,232978,105,3.57799
172484,148359,93,56052,48140,90,1827,1566,24,3517,3420,33,8897,7832,56,14572,12692,71,325218,296644,109,3.58099
114251,109823,83,40262,38353,83,1727,1724,21,2943,2983,29,7007,6482,47,11488,11090,56,241416,224110,100,3.58299
143337,115514,99,53754,43910,90,1896,1518,22,3322,2742,33,7375,5940,51,13405,11125,65,313070,262699,107,3.59601
241062,187081,111,98503,75927,102,2763,1972,33,6272,5514,45,12254,9928,62,21035,16943,90,453752,381345,120,3.60502
96838,98175,77,33487,33288,77,1451,1384,19,3054,2716,31,5943,6077,40,9853,9418,55,200338,193423,95,3.60502
151518,122679,92,59326,46899,92,1963,1604,26,3506,2845,35,8395,6833,55,14546,11770,74,306004,250003,109,3.60602
180882,142882,101,60951,48170,94,2209,1663,29,3743,3216,38,8654,6962,53,15030,12405,67,320194,259148,113,3.61102
207800,152551,101,78183,56341,100,2945,2087,33,4357,3535,42,10258,7016,64,17525,13476,74,364554,278781,117,3.61903
129078,116033,97,59925,54848,86,1410,1291,19,2884,2775,33,6056,5483,44,9439,8774,50,207282,184954,103,3.63705
142826,130037,90,52454,45954,87,1994,1908,21,3803,3224,38,7134,6800,45,12893,11790,65,281957,253573,103,3.63705
162686,130421,93,61323,49148,92,2058,1757,20,2972,2515,31,7127,5641,51,12437,9820,61,275269,224782,110,3.63705
99406,96511,84,31185,30249,79,1400,1440,17,2907,2786,32,5731,5472,44,10598,10479,57,226823,211991,96,3.64206
236202,176632,105,101730,74828,103,3459,2320,36,6158,4541,50,12371,8961,70,20944,15968,93,459299,348496,119,3.65007
89831,85852,84,24340,24408,71,1507,1409,19,2370,2504,25,6146,5560,45,10401,11133,53,218549,211539,96,3.65307
175035,132345,97,62458,47248,94,2159,1535,26,3480,3129,34,9514,6934,57,17719,13053,79,365684,279417,112,3.65607
149542,121525,92,57136,46811,90,1763,1620,19,3328,2983,34,7713,6297,49,12950,10453,65,284830,238587,108,3.66408
115747,112243,89,38774,37770,80,1867,1695,19,2952,2676,30,6897,6635,43,11842,11196,69,250795,241821,99,3.67309
118228,112923,83,60396,58222,82,1267,1473,14,2884,2160,34,5402,5210,40,9492,9173,50,199557,190337,99,3.6761
163658,133266,98,58924,47867,93,2276,2014,26,3600,3213,32,8757,6750,57,14724,12206,79,317416,268584,108,3.6781
82033,80594,84,20020,19807,58,1114,1096,9,1906,1710,24,4845,4764,37,8165,8207,48,174463,164068,95,3.6831
164425,135811,95,51681,41382,92,1874,1415,21,3828,3047,35,8238,6819,55,13186,10658,73,284632,236196,109,3.69512
187096,141841,98,62624,47123,95,2441,1886,30,5205,4080,47,10376,8316,60,17849,14240,84,395361,309343,113,3.71714
244338,211273,107,129435,114946,101,5452,4219,40,9962,8714,55,21131,18987,79,34826,30051,103,723528,626285,117,3.72015
116977,112931,82,49498,48151,81,1881,1825,21,3389,2745,33,6516,6033,44,9764,9691,56,217593,209209,99,3.73416
148068,125354,97,59166,49273,90,1865,1500,20,3475,2636,38,7208,6463,47,12164,9688,63,273929,237592,107,3.74818
58329,57695,77,22017,22217,60,761,714,0,851,851,0,2555,2706,25,3880,3734,32,87500,86005,91,3.75018
304353,204604,129,108108,72852,121,4152,2476,41,10142,7084,64,20555,13320,84,32453,21861,126,746607,520650,140,3.7662
93164,96653,72,31795,31969,76,1552,1462,14,2687,2796,25,5414,5282,38,9129,8676,46,182720,179971,95,3.7662
119582,111226,87,37428,34505,82,1364,1391,17,2648,2620,31,5536,5256,39,10593,9392,56,215196,207229,100,3.78422
111346,103644,93,33144,29957,80,2154,1848,23,2826,2618,31,7244,6911,53,13405,12882,62,287142,263410,100,3.80924
150267,127990,96,55397,47954,90,1898,1754,21,2976,2612,32,7090,6139,50,11031,10316,58,237754,206047,108,3.82026
80350,80737,76,29140,29027,76,1145,1077,6,1506,1364,17,3844,3472,34,6553,6459,43,139627,134539,94,3.82726
77686,76988,78,21026,20919,57,1182,1420,13,1706,1689,19,4750,4536,38,7536,7518,45,162115,157752,93,3.83027
134883,128051,87,44524,42772,82,1572,1710,17,2908,2910,29,7316,6753,46,12033,11324,57,254161,235421,102,3.83127
110390,107301,85,47802,46660,80,1574,1477,17,2421,2622,27,5612,5356,41,9490,8813,51,196290,188714,98,3.83928
207491,165587,102,67981,53322,100,2667,2189,29,5161,4151,40,11645,9215,63,18952,15069,83,395018,321854,117,3.84028
227552,171006,122,79500,60947,122,3946,2812,39,6811,5247,48,14675,11241,77,23507,17965,100,508915,398285,122,3.84028
162134,139459,94,54649,46589,88,2237,1732,23,3205,3053,31,8683,7252,55,14757,12080,70,307030,268411,108,3.84128
195143,159060,100,73119,59173,96,2824,2331,29,5496,4543,43,11165,9561,62,19258,15459,84,423433,360466,113,3.84128
119992,114109,93,39830,39068,80,1468,1459,17,3645,3627,36,7502,7255,51,12773,12348,70,270437,252863,99,3.84428
113458,109594,95,36368,35051,80,1696,1462,19,3069,2819,31,6873,6703,45,12677,11916,63,242111,230301,98,3.84729
130185,121131,88,37528,34693,83,1640,1374,17,3790,3249,35,6781,6169,47,11917,11069,58,264900,248010,102,3.85429
147449,123949,100,56179,47566,90,1924,1619,20,3112,2980,31,6740,5932,48,10896,9054,59,245907,217496,107,3.8553
81133,78028,81,28695,28440,77,1207,955,0,1351,1344,15,3868,3731,35,6778,6682,44,145315,139927,95,3.8623
44124,44257,73,19144,19213,53,282,555,0,992,1151,10,1698,1559,23,3380,3097,33,78102,79930,86,3.86831
89106,86312,82,27953,26882,80,1038,1248,10,2263,2296,24,5527,5235,41,8342,8561,44,195938,189746,97,3.86831
69798,68759,78,21899,21735,70,790,708,0,1566,1659,22,3617,3574,32,5915,5782,41,110513,105406,92,3.87131
197730,140540,104,69481,49443,99,2285,1546,28,4828,3445,41,9648,7148,62,16490,12241,77,349994,250413,117,3.87832
86286,84887,82,20957,20855,58,965,1010,3,2080,2130,28,4262,4366,36,8131,7604,53,167867,159077,95,3.89434
133428,123369,87,43887,40091,85,1810,1658,21,3060,3056,31,7678,7191,50,13192,12698,60,271441,258997,100,3.89534
155596,130931,97,56955,47480,90,2549,2183,28,4163,3303,42,8898,7578,54,16760,14922,73,344275,300485,107,3.92237
148852,125598,90,54173,45182,88,1870,1526,24,3317,2993,34,7818,6855,50,13273,11248,69,280545,237850,105,3.93338
100995,95041,96,39560,38010,80,1513,1438,19,1870,1898,21,5450,5208,40,8718,8385,50,190494,177880,98,3.93939
124459,117951,84,60839,57132,84,2101,2021,22,4577,4206,34,8588,8001,50,14594,14325,66,319320,296897,100,3.9484
124436,105965,92,43679,36915,87,1861,1523,21,3486,2808,36,7125,6368,47,12081,10549,66,272672,239424,104,3.95441
133431,115073,91,53905,46750,88,1824,1619,20,3119,2869,29,6658,5970,45,12770,11001,60,270149,242400,105,3.96642
104426,102893,79,55859,54387,81,1341,1181,13,2352,2206,25,5167,5185,39,7680,7760,42,167002,162930,97,3.98644
163184,138680,98,48622,40138,93,2283,1673,25,4770,3774,44,8563,7091,56,15850,13816,71,319455,271303,109,3.99145
105200,100841,82,31644,30809,79,1552,1433,15,2403,2093,26,5432,5063,40,8543,8043,48,181308,172935,98,3.99245
168386,145935,94,60819,52429,92,2595,2088,26,4377,3589,38,9055,8044,56,15476,13190,67,338177,291801,109,3.99345
110772,107721,81,48814,47142,82,1613,1617,17,2995,2529,36,5974,5757,43,9657,9524,61,219528,206281,98,4.00046
205899,161387,101,83715,64478,99,3374,2534,33,6251,4741,46,12822,10229,70,21381,16712,87,416694,334018,117,4.00546
50806,52282,74,14302,14218,48,705,830,0,1075,1011,3,2244,2312,25,3891,3697,36,87532,85167,89,4.01347
129281,113653,91,47311,41970,85,1655,1449,18,2966,3367,30,6511,5565,46,11226,10221,58,236718,218850,103,4.01948
102580,98648,84,34595,33678,81,1919,2006,22,2817,2759,28,6599,6550,44,11489,11067,60,241943,227943,99,4.02248
174726,133343,95,64970,49927,94,2395,1706,29,4243,3044,40,8917,6720,53,15305,10970,73,318216,241706,112,4.03049
122089,105265,89,41825,34923,86,1411,1245,16,3263,2363,39,6465,5700,46,11048,9839,62,236763,205617,104,4.0365
111863,98143,86,39050,33461,84,1384,1149,11,2257,1986,29,5320,4563,43,8841,8130,54,190536,167339,100,4.05552
301702,214522,134,180126,140296,124,7432,5729,46,13196,10591,60,29478,22107,102,49831,38090,125,1.03855e+06,794359,142,4.06553
123420,116487,90,59359,56217,83,1893,1956,21,3472,3875,32,7080,6684,46,13280,13435,57,286162,271772,101,4.07054
135308,116152,99,52147,45789,88,2028,1628,23,3497,2701,38,8412,7226,50,14278,12642,65,302450,266056,105,4.07254
97321,96492,88,46465,45510,79,1734,1871,21,2638,2864,26,5839,5316,44,9083,8937,50,201575,196760,95,4.07554
113191,109665,87,38740,37851,79,1948,1684,21,2620,2617,26,6142,5383,43,9575,8873,53,203112,196864,99,4.07554
122575,108036,92,35940,30966,87,1752,1449,20,2641,2209,30,5630,5158,42,9973,9008,58,215171,194506,104,4.08255
206638,156239,105,73976,54025,102,3220,2132,33,5199,4115,44,11172,8283,64,19666,15289,89,403926,317523,120,4.09256
98182,96707,88,30989,29935,77,1598,1574,18,2488,2742,26,5456,5491,37,10081,10199,49,218605,215940,96,4.09256
109684,104638,87,30851,30387,79,2015,1969,21,3309,3068,34,6716,6349,45,12420,11748,61,262405,250707,99,4.10357
188213,142263,111,72930,56048,97,3035,2329,32,4596,3813,38,10567,8435,59,19015,15445,77,407886,324771,115,4.11158
157611,144227,103,52443,47757,86,1940,1836,23,4102,3417,35,8394,7530,52,14601,12945,75,323127,292561,105,4.11258
200989,162938,101,87961,72301,97,2344,1930,28,5632,5140,46,11134,9013,68,18508,15702,81,404005,348769,113,4.11358
102864,100972,82,32789,32152,78,1319,1299,14,2844,2429,28,4874,4209,41,7533,7473,45,169566,158200,97,4.11458
130823,116979,88,47506,41865,88,1820,1707,22,3227,2697,35,6588,6285,46,12053,10914,58,271906,247146,104,4.11559
157007,136793,92,53516,46184,89,2027,1567,20,3053,2445,34,8596,7371,54,13893,12497,63,312942,286198,104,4.11759
164900,137654,96,43783,35058,92,2127,1901,25,4015,3165,41,9155,8110,51,15726,13013,75,341761,295223,108,4.11859
67707,66295,78,25823,25670,73,560,728,0,1502,1618,21,3414,3257,30,5034,4927,38,107021,108202,92,4.14362
67417,66564,76,24214,23841,75,1004,797,0,1714,1924,17,3245,3110,31,6495,6956,40,129662,127192,93,4.14962
172023,155018,92,91394,83327,88,3453,3084,32,5873,4904,50,13008,12569,57,21868,19364,88,462226,410444,106,4.14962
98855,95138,97,54904,52893,81,1318,1283,17,2423,2273,25,5930,5538,43,9821,9319,57,219440,205827,97,4.15263
243800,182219,113,147863,120759,106,4686,3542,40,9688,7713,56,20136,16897,80,37426,30777,109,748145,615450,124,4.20268
132428,126115,86,43071,41210,83,1707,1413,20,3486,3562,30,6420,6039,45,10951,10201,60,223984,208795,101,4.20769
193612,173199,92,89766,80211,92,3764,3573,32,6570,5963,46,13616,12345,66,23650,20732,97,498780,440006,109,4.20769
146663,120000,94,55089,44514,91,1794,1336,17,3169,2334,34,7508,6133,53,14625,11523,75,288374,238449,108,4.21069
214327,165433,99,96182,76116,98,3042,2065,34,5366,4274,42,12170,9453,64,19885,15694,83,413541,330879,115,4.22671
220931,182422,100,100537,83072,98,3638,2950,33,6668,5700,49,14047,11708,66,23492,18867,88,498828,411646,116,4.22671
103632,102255,82,47029,46353,79,1545,1434,19,2812,2652,31,5918,5807,41,11293,11999,59,220271,222093,97,4.22671
64407,66974,71,22026,22176,63,885,939,0,2045,1508,17,3066,2956,30,4745,4685,39,104866,103041,91,4.22971
148565,133307,89,51051,44936,86,2098,2092,22,3606,3469,34,8129,7467,50,14030,13103,64,277954,258415,104,4.23071
81596,79172,82,23346,23043,67,1171,951,0,2699,2362,27,4259,3926,38,7796,7673,51,178969,172963,94,4.24573
141632,123052,91,54398,47537,88,2058,1760,22,3540,3270,34,8156,7667,49,15460,13207,70,322701,287678,106,4.25875
113238,105634,87,42453,39629,82,1660,1373,19,2871,2369,31,5811,5644,42,10233,9870,48,211020,204838,99,4.25975
148752,128238,94,50505,44659,90,1725,1743,21,3048,2706,34,7396,6473,45,13338,12071,66,257709,227087,109,4.28778
91320,91234,81,26599,26601,75,1057,998,0,2130,1978,23,4505,4298,38,7525,7705,46,161817,155177,95,4.28778
93705,92761,81,29834,29624,76,1178,1075,9,2461,2456,28,5489,5459,40,9216,8654,54,204852,189592,95,4.28778
79619,79093,78,29700,29070,76,1116,962,0,1688,1364,14,4150,3978,36,6462,6254,42,136467,128954,93,4.29078
104275,101438,82,25379,24751,79,1968,1860,22,2826,2854,28,6645,6369,47,11024,10320,63,246969,232993,98,4.29579
278056,211920,111,130426,103141,106,4774,3676,38,9384,7538,53,17692,14957,73,29938,24934,105,664037,566596,123,4.29679
203684,169609,95,101433,88081,95,3689,2929,36,6002,4993,46,12680,10816,61,22728,19576,97,492666,426969,112,4.29979
107775,105204,82,27534,27131,79,1788,1704,21,3353,2844,33,5932,5599,42,11760,11289,64,233302,222100,98,4.3078
159167,127618,105,40558,32951,90,2306,2147,24,3993,3603,38,8040,7344,52,13591,11212,64,303883,260588,111,4.32582
81466,80828,79,29635,28856,76,1183,1146,8,1965,1826,27,4499,4124,38,7484,7277,46,164652,155305,94,4.33783
147376,136316,91,75863,71786,85,2586,2322,28,3775,4008,33,9577,8859,54,17419,16677,73,358793,334562,103,4.33783
114280,99974,92,37283,32392,84,2019,1671,24,2790,2443,31,6238,5331,44,10875,9694,56,216944,197630,99,4.34084
125443,116224,91,47857,43838,84,1769,1674,22,3397,3362,31,8237,7613,50,13958,12967,70,293599,273275,102,4.35585
69784,67487,78,25277,24926,72,943,850,0,1712,1724,16,4153,3741,35,7056,6721,51,146064,146471,93,4.36687
180379,144628,102,54540,44557,92,1929,1489,25,3950,3572,38,8286,7067,50,15197,12461,71,308433,263167,111,4.37688
172480,135503,98,63308,50046,93,1893,1560,23,3890,3244,37,8784,7005,56,15715,12143,77,322862,262861,111,4.38188
109493,108120,81,44926,44102,80,1724,1568,21,3462,3088,30,6188,6410,40,10807,10790,58,206204,201506,98,4.38188
145206,131000,91,47514,43730,87,2775,2555,29,4522,4087,41,9782,9352,56,15259,13982,65,336095,323208,105,4.39089
94875,87086,87,35199,30527,83,876,736,0,1509,1760,19,3814,3873,33,6442,5991,46,169712,153581,99,4.3929
172932,141426,101,72488,58490,94,2244,1886,26,4398,3564,39,9278,7276,57,17198,13461,81,346941,278937,111,4.3989
183343,137733,96,70475,53627,96,2518,1832,30,4471,3176,42,9869,7547,57,17681,12634,83,365997,271932,113,4.40791
171990,158926,91,50838,47830,86,2379,2065,26,4630,4378,39,9044,8380,53,15720,15123,71,330331,305286,106,4.40991
262517,186775,114,100617,70512,110,3680,2804,33,6664,4662,51,13796,9932,68,23800,16914,96,477335,358156,129,4.41091
110930,103477,99,45120,42017,99,1870,1722,21,3013,2537,27,6001,5392,43,10766,9659,63,218546,198042,99,4.41091
218030,163567,104,78075,58378,101,3276,2392,34,6250,4869,51,11897,9617,63,20505,14933,92,430911,344365,119,4.41592
155672,146983,104,68357,65127,85,2465,2626,25,4119,4117,33,9731,8985,56,16659,15279,70,346048,326722,104,4.41792
74147,73154,88,22528,22484,64,1116,1141,11,1696,1796,21,3975,3932,34,6429,6457,41,143541,140620,93,4.44195
149700,124311,105,55561,45550,91,1932,1605,19,2981,2529,31,7275,5800,48,11716,10384,56,251605,210147,107,4.44195
68215,67642,82,28691,28516,75,855,871,0,1982,1968,24,3960,3934,35,6977,6248,46,136905,134426,91,4.44495
135327,114752,95,48521,40721,87,1682,1485,18,3068,2912,29,5722,4771,44,10335,8674,63,224970,194430,105,4.44796
82143,80636,85,30594,30147,76,947,936,0,2153,1702,28,4082,4131,33,7132,6754,48,149092,142705,94,4.45897
136218,120204,89,47463,40510,86,2042,1828,23,3698,3257,36,8744,7753,54,15211,13586,72,319919,287062,104,4.46698
98851,96659,82,23989,23602,66,1215,1483,14,2204,2262,24,4838,5111,37,8468,8115,50,197395,184792,97,4.489
97313,96246,79,35410,34872,78,1485,1352,15,3481,3496,31,5920,5936,40,11225,11178,62,238783,226348,96,4.489
230301,168147,106,74159,52780,101,3031,1887,37,4896,3384,44,11165,7978,66,18639,13809,92,372124,282622,118,4.49701
104746,102234,87,43949,43101,80,1585,1382,18,2466,2366,27,5875,5275,43,9051,8924,55,191935,191712,98,4.50302
212239,168334,104,78879,61154,98,2802,2094,30,4694,4264,41,11415,9534,62,19809,15162,79,425437,355247,114,4.51503
125588,116925,87,49231,46184,83,1594,1565,17,3243,3382,31,6590,5973,48,12260,11185,67,250065,226558,101,4.51904
88076,85388,78,22163,21848,63,1316,1332,16,1928,1991,19,4931,4845,38,9537,9512,57,183164,178935,95,4.52204
98956,95110,82,39409,38861,78,1438,1598,15,2805,2409,27,5703,5399,40,10704,10237,54,235647,231562,97,4.52304
187244,167996,93,77608,69429,90,2140,2169,23,5414,4568,41,9864,8932,54,15941,14383,66,340196,311529,108,4.52304
200714,156071,96,72385,56359,96,3099,2408,32,5067,3655,49,10147,7811,59,17953,14382,75,376999,315547,114,4.52504
89275,86031,96,29821,29514,77,1372,1487,15,1345,1448,17,4585,4444,39,7692,7259,49,180457,176937,96,4.52905
119672,115814,85,29492,28708,79,1577,1460,18,3266,3173,33,6551,6574,44,11321,11051,55,233399,220428,99,4.53205
168051,128582,103,57773,44488,94,2251,1664,27,4379,3443,38,9352,7664,53,17074,12656,82,367184,287134,113,4.53305
151800,143614,87,65882,63029,86,2295,2166,25,4234,3958,35,7807,6886,52,13352,12736,61,295408,272358,104,4.53405
80825,80092,77,24552,24016,76,1214,1047,5,1759,2066,20,4145,4242,34,7398,7571,45,161126,156318,94,4.53806
112626,109453,83,39544,38385,79,1958,1860,18,3014,2927,29,7211,7159,45,11913,11230,64,253711,240505,98,4.54006
181280,148712,96,60041,47963,93,2184,1786,26,3934,3407,40,8412,6955,53,13856,11567,75,303683,255002,111,4.55207
73174,73407,79,21171,20886,63,1107,994,0,1937,1863,22,3737,3600,34,8126,7653,49,163775,165096,93,4.55508
87888,85920,81,28676,27998,77,1074,968,0,2078,2009,25,4663,4805,36,8222,8088,59,169840,159838,95,4.55808
178341,145975,102,61999,50394,93,2715,2147,29,4444,3953,37,9960,8676,55,17886,14906,74,369849,320910,111,4.56509
117936,100426,89,40609,34359,87,1458,1067,10,3398,2790,35,6829,5974,47,12337,10592,61,250620,216852,103,4.56909
102730,100370,87,33153,32280,78,1306,1357,14,2949,2635,32,6276,5533,48,11252,11142,59,229681,219684,97,4.5781
116086,114235,83,51254,49940,81,1818,1849,20,3428,3461,35,6311,6046,44,10219,9492,55,237385,221773,98,4.5781
131034,113388,90,52623,45610,87,1682,1775,20,2893,2286,38,5865,5168,45,10333,9263,58,221656,193250,104,4.59812
57917,59308,74,20531,20751,56,798,822,0,1240,1629,17,3009,2702,31,5487,5093,44,111896,111323,90,4.61314
159470,135570,93,60004,51081,89,2482,2020,26,4489,3658,37,8793,7996,50,17649,16363,73,355433,318839,107,4.61614
109986,103844,86,49939,47851,82,2326,2053,24,4005,3539,35,8168,8073,49,14376,13856,67,304896,282508,99,4.61614
157092,135352,91,57830,49104,89,2242,2119,25,3335,3007,34,9379,8103,54,16478,14219,67,343856,289063,106,4.61614
99317,94819,90,28215,27664,77,1326,1204,13,2351,2315,26,4802,4546,37,7943,8289,46,171126,162819,96,4.61915
100422,95838,97,31402,30369,79,1342,1245,14,2312,2042,33,5752,5600,40,10065,9785,55,217720,205406,98,4.62115
114241,109450,82,53309,51477,82,1819,1599,20,3433,2998,32,7533,7123,47,12736,11607,62,271254,251945,98,4.62816
157990,139212,103,54188,47044,89,1802,1450,19,3550,3433,33,8562,7674,49,15077,13657,65,310190,276037,105,4.63216
102316,99029,80,41795,39955,80,1408,1252,17,2282,2255,24,5430,5482,40,9527,9417,49,204179,198912,97,4.63216
95560,95720,80,20028,20179,56,1305,1195,18,2380,2203,25,5157,5075,39,8348,8222,51,170201,166832,95,4.63316
61760,63968,64,26620,26517,74,751,746,0,1240,1085,7,2985,3053,28,4630,4577,38,105843,105493,91,4.63917
109552,100715,84,45850,41625,83,1189,1190,9,2347,2447,28,5073,4774,41,8706,8049,52,177483,168058,100,4.64117
175713,138687,104,68135,55123,92,2568,1738,31,4246,3632,40,8839,7140,57,14299,11584,71,319773,265303,110,4.64918
94788,93823,81,26135,25908,76,1694,1531,18,3091,2673,33,5834,5986,39,11194,10913,56,216114,204944,96,4.65619
90613,89746,81,34664,33667,78,1419,1344,15,2385,2017,24,4054,4226,34,7021,7182,47,152323,142255,96,4.65719
123165,112808,86,48122,43457,85,1914,1839,22,3416,3119,33,6122,5973,40,11608,10876,55,246069,229188,102,4.65719
101788,97319,86,27472,25792,80,1521,1454,16,2370,2094,29,5722,5403,42,8920,8597,56,184869,183331,99,4.6642
115831,109889,91,38322,36316,81,2027,1884,22,2837,3082,29,7118,6893,45,12403,11540,57,272924,262146,99,4.6692
104706,103031,84,25850,25335,69,1739,1796,20,3748,3398,31,7023,6649,43,12242,11755,66,260163,245680,99,4.6702
102260,99489,87,34433,33634,78,1488,1138,12,2633,2451,29,5265,5150,40,8586,8566,49,193327,185997,95,4.68422
76849,75359,84,25391,25118,74,942,902,0,1913,1672,22,4183,4141,34,6650,6414,45,144398,142090,93,4.68622
86550,86668,77,38023,37527,77,1234,1269,13,2020,1818,22,4885,4695,41,10360,10731,52,203645,192119,94,4.68622
292827,216956,128,132485,98293,125,4302,3147,38,8292,6950,51,18608,13973,78,31321,24864,117,698521,564636,143,4.68722
154224,122443,96,64595,51208,92,2158,1803,22,4156,3061,40,7546,6362,49,14640,12972,66,323717,261249,110,4.68822
64368,65146,76,23311,22836,67,602,656,0,1561,1713,17,2841,2577,30,5769,5745,41,104135,102669,92,4.69323
177044,134866,97,64991,49197,95,2123,1791,22,4424,3562,41,9833,7674,59,17120,12869,76,377763,283989,113,4.69824
123045,118087,84,65437,62523,83,1942,1741,24,4188,3635,35,8194,8305,47,14017,13585,63,286580,273425,99,4.71125
91543,89975,81,27324,27386,74,1365,1322,15,2487,2319,28,5237,5132,41,9389,8912,54,201148,197115,96,4.71125
79243,77425,81,21765,21767,61,1053,1130,10,2021,1990,24,4323,4151,37,8203,7280,52,164423,158317,94,4.72326
78219,77390,81,25141,24913,76,1205,1347,14,2045,1970,22,4534,4344,36,7638,7726,45,157565,150811,94,4.73227
136574,114480,91,50961,42513,88,1564,1397,22,3506,2931,33,7100,5998,49,12323,10073,67,265934,224716,105,4.73327
226001,183074,118,85273,71385,99,2593,2205,26,5799,4834,43,10331,9081,55,18258,15167,90,378020,321970,116,4.74228
172096,150263,92,53907,47613,87,2035,1754,24,3960,4030,33,8031,7034,49,14408,12849,69,277274,257859,104,4.74228
113783,111718,81,30292,28254,81,1437,1422,15,2803,2815,30,6260,6015,41,10300,9507,54,224522,214467,97,4.74329
108129,105050,87,59202,57684,83,1275,1330,13,3010,2814,31,6180,6033,45,11026,10350,61,225107,211921,98,4.74529
83489,80559,85,16540,16523,50,1146,1052,8,2069,1773,24,4509,4487,35,8513,8841,52,168216,164013,93,4.74629
96608,94692,81,38794,37849,79,1319,1308,14,2609,2351,31,4724,4727,36,7993,7333,50,165665,163182,94,4.74629
85871,82442,84,30562,29958,78,1038,1219,11,1273,1310,17,4249,4089,35,7299,6954,46,161062,157563,94,4.74829
88301,84396,90,18806,18683,54,1468,1474,15,2041,2020,25,4690,4401,37,7831,8100,46,177095,168258,96,4.7553
60574,60703,77,20209,20347,62,759,908,0,1479,1386,18,3253,3204,30,5023,4488,45,107008,108677,89,4.7593
217738,162122,109,77996,57971,98,2894,2091,33,5486,3660,49,11367,8660,64,19034,14076,85,393217,305813,117,4.77132
164523,138099,106,52593,44223,90,2589,2229,29,4126,4190,33,8946,7637,55,16319,14432,79,335880,302116,108,4.77632
73730,73545,80,24771,24261,73,720,760,0,2007,1366,18,3329,3497,30,6452,6074,45,132520,130403,93,4.78033
154662,131256,101,41338,33554,90,2037,1574,21,3689,3152,36,7950,6698,51,12846,11347,71,272267,231849,107,4.79134
200969,148122,99,79274,58368,99,2497,1901,30,4650,3691,41,10979,7886,64,19159,14413,89,417819,309720,115,4.79434
121780,107845,88,41772,36268,86,1676,1546,20,3212,2626,32,7614,6449,48,11938,10756,61,283141,246822,103,4.80335
78611,77975,80,33377,32679,77,1099,1039,6,1954,1759,18,4158,4003,34,7970,7707,49,166378,164429,93,4.82137
260064,183408,125,110851,82387,122,4038,2556,39,6561,4611,49,13305,9460,66,24616,16265,107,488603,343836,140,4.82938
146258,133978,87,46928,42000,85,2044,1891,22,3837,3921,36,7473,6869,50,13414,12409,65,289267,262340,104,4.84139
198199,160195,113,78932,65241,97,3325,2875,31,6409,5299,46,13143,11174,65,24166,20684,98,484977,423058,114,4.8444
91968,90745,78,20103,20118,61,1132,1292,13,2823,2274,29,5726,5457,44,9659,9456,48,203277,197569,95,4.8484
136717,119245,89,50845,42411,88,2246,1969,23,3419,3007,31,8308,6878,52,15041,13421,64,318694,270609,105,4.85841
142425,126136,90,38319,32206,88,2182,1727,25,3126,2993,31,7181,6508,47,12888,10673,63,270211,241248,104,4.86442
80586,80315,79,30314,30063,76,1081,1119,8,2178,1997,27,4518,4283,36,8183,7469,51,168589,160540,93,4.86442
111021,107176,87,41690,40454,80,1485,1375,17,3181,3176,33,7070,6889,43,12754,12093,61,268651,256728,100,4.86842
133800,110690,92,43636,36202,87,1549,1469,17,2952,2941,33,6497,5694,45,11201,9505,62,234080,203313,106,4.88044
225415,168712,106,81640,60106,102,3814,2666,37,6376,5111,46,12808,9659,66,22306,17529,85,460280,373310,121,4.88945
111824,109718,82,43258,41873,80,1513,1575,19,2948,2962,29,6292,5603,45,10942,9878,58,224732,213998,98,4.88945
106777,103524,84,35097,34493,80,1477,1496,19,2448,2606,26,5445,5446,38,9521,9409,54,202962,197998,99,4.89345
129245,115121,88,44957,38664,85,1956,1628,22,3698,3202,33,7511,6567,52,14042,12308,70,295703,268200,103,4.89445
168797,134183,96,63362,49226,92,2564,1760,28,4210,3774,42,9038,7435,54,16040,12276,76,347023,279757,110,4.90346
82588,80926,81,34707,34495,78,533,668,0,1632,1815,19,3875,3769,31,7179,7262,42,158665,151941,95,4.90747
139745,126491,96,54039,49016,86,1764,1711,21,3373,3284,37,7372,6535,47,13081,11870,61,278636,263212,103,4.92549
106491,105109,81,30992,30629,78,1419,1280,13,2388,2420,29,6620,6360,45,11741,10629,64,242048,228522,96,4.94051
173291,142894,95,67633,56421,92,2173,1982,23,4142,3284,42,8343,6460,54,13641,11967,69,309315,257436,110,4.94251
57562,56748,75,23262,23416,70,706,689,0,1213,1067,8,2575,2343,28,3743,3340,36,88240,87502,89,4.94351
132742,107920,94,47680,39120,89,1945,1784,22,3163,2660,33,7489,6352,51,12622,10468,65,265179,209721,107,4.95853
121801,114834,86,46876,42848,82,1830,1553,23,2945,2998,32,8094,7445,48,14326,13103,69,294797,280158,100,4.97554
98982,94753,85,42226,41179,79,1264,1292,12,2454,2285,29,5316,4968,42,10125,9111,51,197889,190610,96,4.97755
237634,184696,106,78440,60907,100,3274,2396,34,6598,4861,52,12585,9662,63,21455,17179,81,459973,370144,118,4.97855
175429,138099,96,65805,51611,94,2177,1857,25,4911,3951,43,9267,7163,57,16011,12449,83,365772,295056,112,4.99156
127090,116752,86,52446,48103,84,2131,1856,22,3192,3047,34,6890,6593,45,13343,12147,65,277272,259180,101,5.01559
150820,129087,95,63717,55987,90,1909,1717,22,3792,3066,37,7008,6291,48,12132,10847,61,260195,237768,107,5.01659
122150,117260,85,27773,26704,80,1794,1749,20,3611,3543,32,7124,7134,46,13600,14250,56,268573,250817,100,5.01859
210188,170158,99,60211,47501,97,2911,2377,29,5052,4017,44,12111,10033,64,21288,17489,84,434567,367952,114,5.0276
93994,92450,81,39805,39159,78,1432,1290,17,2727,2317,30,6136,5946,47,10141,10279,51,216213,207822,96,5.0286
65822,65518,76,25775,24267,74,682,661,0,1222,957,0,2803,2801,29,4800,4350,39,98238,95085,88,5.0296
258310,184718,110,94905,68602,105,3207,2593,33,6542,5138,47,13877,11135,66,23473,17131,105,483806,375479,120,5.03061
137547,113061,101,52455,42717,90,1713,1292,17,3091,3019,29,7134,5893,48,12561,10662,65,267212,223695,108,5.04863
194543,158664,100,79234,65004,95,2570,1954,29,4159,3432,39,9211,7876,57,16307,13074,77,345771,300332,113,5.05063
199336,147041,103,73659,56268,100,2473,1794,29,4984,3856,43,9687,7817,59,15351,11010,74,347516,272073,119,5.06364
155512,136263,97,47240,40696,87,2770,2129,31,4580,4326,38,9548,8207,57,16905,15105,81,369298,334130,105,5.06364
91561,89365,81,54642,53964,79,1672,1406,17,2599,2361,27,4884,5061,36,8003,8187,47,201145,195188,95,5.06865
117594,98196,94,33737,28367,86,1642,1233,19,3014,2262,33,6115,5050,44,9834,8600,57,232984,204805,106,5.07065
75734,75487,78,19902,19759,56,998,1039,5,1354,1504,16,3607,3462,33,6618,5816,46,144530,140312,94,5.07365
173982,143215,98,56033,45913,91,2301,1771,27,4228,3649,40,9693,7979,56,16052,12985,70,353289,294829,110,5.08667
107353,104811,85,38801,37708,80,1672,1649,19,3255,3478,29,6513,6068,44,11313,10628,58,247809,236509,99,5.09368
228880,170272,109,86930,65054,101,3426,2544,34,6331,4959,44,12985,9940,70,21607,15740,88,458910,350654,118,5.10769
105063,104971,81,30532,30330,77,1890,1853,22,2982,2977,32,7177,7045,47,11884,11422,60,256751,248868,96,5.10769
121077,107998,87,40738,35454,85,1697,1594,18,2934,2974,28,6617,5842,44,10734,9756,59,230451,204357,102,5.1157
151644,125725,95,57605,48561,89,2042,1803,23,3429,2716,37,8372,7064,51,15428,13749,69,315891,273350,107,5.1187
116590,102784,89,45979,40167,84,1538,1323,15,2203,2074,26,5175,4477,41,9255,8236,54,197286,182126,101,5.12371
151741,127711,96,41371,33773,90,1753,1419,19,3580,2763,35,7480,6591,51,13015,10977,69,281100,240222,108,5.12771
76208,75056,78,29439,29064,76,657,862,0,1542,1440,22,3881,3866,33,6949,6829,46,147148,145706,93,5.13272
107600,105506,83,24934,24829,74,1383,1449,19,3023,2701,29,5618,5262,41,9513,9342,50,202447,190604,97,5.13272
81401,81859,79,14410,14294,47,674,643,0,1622,2005,24,4743,4533,39,6416,6108,48,190074,184183,94,5.14273
88422,85250,93,33299,32955,77,1535,1391,17,2112,2003,28,5411,4789,42,9189,8769,51,203567,196371,96,5.14373
253295,196956,114,112124,87589,111,4368,3680,37,8379,6241,55,17426,13400,74,29508,22868,113,610585,465660,129,5.16475
130719,115723,88,53870,47413,88,2225,1896,25,3295,3074,31,6189,5154,48,11364,9838,63,239185,212980,104,5.17176
80242,80923,77,28421,28470,76,1053,1082,9,1546,1865,25,4316,4084,36,7351,7260,44,163121,159068,94,5.17176
109986,101667,85,42928,38421,83,1671,1475,20,2865,2785,30,6492,6114,45,11726,10805,66,253510,233305,99,5.19179
144095,123846,93,53743,45676,89,1702,1550,18,3263,2961,34,7244,6306,51,12539,10325,64,275452,239059,106,5.19379
261869,172433,113,93798,61492,107,3633,2250,37,7272,4827,56,14530,9372,73,24831,16024,100,547291,375706,125,5.19379
261099,206167,108,119992,98785,107,3953,3014,36,6678,5797,48,16155,13270,71,28060,23129,109,581138,497254,122,5.2018
154693,127001,97,54344,45045,91,2172,1709,25,3780,3182,40,7861,6595,55,14544,12493,77,304419,258399,108,5.2038
171630,152654,91,61136,53677,90,2317,2243,25,4793,4436,42,10426,9649,57,17045,15578,79,382021,352713,106,5.21882
111639,107397,83,36497,35320,80,1469,1400,17,3214,3185,31,6664,6412,44,12112,11297,60,233199,225540,98,5.22482
149888,123156,95,56440,46606,90,1882,1580,22,4402,3238,41,8442,7003,55,16099,13590,86,317297,268088,108,5.22582
96546,97551,82,38803,38534,78,1310,1341,15,2402,2100,30,4818,4727,38,7536,7652,45,174622,169971,96,5.22582
99665,99660,80,57278,56759,80,1433,1426,14,3302,3381,30,5827,5819,42,10447,9793,69,230422,226892,96,5.22682
227438,171910,103,103071,80954,101,4275,3423,39,7870,6587,49,16833,13414,73,30494,24768,106,653530,527301,119,5.22783
150894,121092,94,52960,42088,90,2007,1694,24,3997,3203,38,8063,6416,58,15468,12974,68,317689,255861,108,5.23083
159456,133530,94,50873,41534,92,2110,1765,25,3551,2798,39,8514,7093,52,12844,10709,72,304946,260912,109,5.23383
167515,130037,98,66451,50716,94,1920,1578,26,3735,3376,39,9158,6862,58,16196,12797,77,337717,266562,112,5.24585
142734,127873,91,45741,40456,87,2033,1592,21,3125,2744,35,7287,6365,49,13273,12478,64,262304,246355,105,5.27288
209299,153650,104,71964,51539,99,2619,1818,28,4036,3424,42,9625,7180,57,16761,13162,78,344378,253378,117,5.27488
93502,90156,89,24574,24060,70,1362,1283,12,2274,2236,26,5300,5102,39,9123,8417,56,180106,172351,97,5.28289
96792,94087,89,27490,27360,73,1565,1464,19,2861,2469,30,4786,4664,39,8846,8874,50,205196,196464,97,5.28489
125493,117901,87,51953,49152,83,1789,1719,20,3627,3544,33,8341,8184,51,14983,14474,67,305048,293560,101,5.28689
182207,146292,105,51052,40802,91,2614,2165,26,3548,2865,37,9622,8028,54,15730,13413,68,362231,308739,111,5.2969
132919,120453,103,62016,57387,87,1850,1815,20,3373,2963,36,7910,7354,48,13664,12567,64,292159,264920,103,5.2969
124593,116890,87,25728,23723,80,1693,1683,18,3058,2791,32,6487,6159,42,11675,11020,61,236928,222099,101,5.2979
83926,81609,88,28031,27684,77,947,859,0,1777,1749,21,4715,4882,36,8178,7991,51,187300,179490,94,5.2979
152296,139359,89,67958,61493,89,2052,1984,23,3900,3583,34,9108,8122,50,15103,13458,76,326801,294684,104,5.30691
83448,82062,78,29284,28904,77,940,929,0,2178,2215,25,4725,4729,38,7244,6844,52,151164,147107,95,5.31092
118237,111442,96,51294,48567,83,1535,1392,18,3007,3156,31,6574,6523,44,11910,11849,58,234178,220570,100,5.31692
149677,129229,92,59566,52178,89,2313,1906,26,3603,3253,34,7477,6668,52,13978,11818,72,287947,259570,106,5.32894
96690,94374,80,45611,42862,81,1752,1577,17,2867,2749,28,5866,5580,40,10135,9375,50,217520,210905,97,5.33394
119070,104200,87,41289,35781,86,1837,1527,18,3006,2712,34,6260,5732,46,11131,9930,58,225224,203989,103,5.33595
154563,143572,89,76856,72058,88,2130,1997,24,4214,4296,35,8150,7477,48,14343,13583,63,295059,276158,105,5.33795
117667,112994,87,35794,34748,81,1604,1591,19,2966,2657,30,5945,5570,43,9984,9989,56,209932,190708,99,5.34395
193029,144545,114,72702,54480,98,3419,2211,36,4648,3270,43,10176,7783,60,19901,15738,77,397521,308699,116,5.34996
137455,122962,88,57854,51706,86,2137,1678,25,3520,3048,37,7231,6741,45,11190,11129,61,249827,228756,103,5.35497
82978,80697,85,30716,30589,76,933,952,0,1994,2033,21,3975,3851,34,6736,6899,44,153757,148236,95,5.36197
84891,83867,84,20340,20040,56,997,1104,8,1844,1888,18,4813,4966,37,8801,8887,45,177017,170364,95,5.36698
114104,108033,94,26095,25385,78,1334,1373,15,2407,2528,25,6063,5839,40,10237,10000,55,209262,196931,98,5.37799
108339,104066,90,41896,39637,81,1501,1630,18,3106,2758,29,6108,5957,43,11089,10769,55,229239,216410,96,5.37799
87725,87001,81,31081,30587,77,1172,1144,10,2132,1920,26,4291,4004,35,6675,6405,46,133197,128129,96,5.388
63461,63284,75,25239,25435,73,766,913,0,1338,1507,14,2545,2507,27,4694,4681,39,100873,94082,91,5.38901
96837,96165,80,41271,40582,79,1102,1291,13,1705,1869,24,4759,4666,37,8463,8334,51,180990,174640,96,5.39601
197358,150200,102,90326,70007,99,2793,2148,31,4579,3586,50,11241,8900,61,21319,16414,98,443624,350637,117,5.40102
115505,110350,86,54453,53113,82,1591,1508,16,2596,2531,29,5807,5598,42,11093,10190,58,218550,207853,99,5.41704
83483,80049,92,30124,29530,77,813,1063,6,1942,1523,20,4213,4124,35,7619,7546,52,165591,160630,95,5.42404
191201,161348,94,81761,67969,93,2900,2387,30,4867,4005,45,10673,9597,59,18593,16702,89,391710,335689,110,5.42805
144052,120156,97,59183,50303,89,1634,1421,19,3577,3061,35,7549,6458,48,14004,11605,68,293055,250815,106,5.43406
130184,110972,89,48262,40071,86,1345,1168,16,3263,2425,35,6685,5679,47,12118,10007,63,276037,237652,104,5.43806
176461,150498,95,47812,41219,90,2504,2328,26,4168,3738,36,9010,8401,50,15837,14275,71,339764,292679,110,5.44006
115200,107126,86,45751,42017,83,1891,1560,21,3077,3100,28,6810,6699,45,12877,12103,64,270653,256956,100,5.44707
140472,119847,90,55863,45747,88,1822,1152,20,3987,3268,36,7214,5653,49,13282,10775,67,290945,242580,105,5.44707
240150,194521,104,91720,75131,100,3306,2907,32,7118,5831,51,14351,12205,67,22726,19074,95,516570,434250,118,5.44807
47670,46545,78,25525,25529,70,573,497,0,776,644,0,1891,2083,22,3414,3368,30,90982,89136,89,5.45208
113087,110230,89,28320,28095,79,1553,1703,20,3420,3039,34,6236,6012,43,11322,11029,51,223670,219328,98,5.45808
95798,93745,83,38047,37194,79,1743,1666,19,2339,2025,29,5483,4993,40,8497,7816,51,168719,163017,97,5.46609
105464,100882,93,40671,39380,80,1470,1555,17,2835,2642,28,5823,5937,40,10358,10388,57,217666,203671,95,5.4711
133021,111218,95,45022,36416,89,2149,1655,23,3013,2501,32,6743,5800,47,11795,10215,58,232480,199842,106,5.48111
257374,178375,128,91675,63033,112,3210,2192,37,6383,4433,56,13564,9880,71,22157,15963,98,482820,348213,130,5.48111
316304,208353,142,131535,88872,133,5001,3370,44,8626,6003,60,17183,11544,76,30038,19523,125,612274,417300,150,5.48311
116491,99959,90,46937,40390,87,1657,1342,15,1944,1864,22,6018,5339,44,10923,8867,63,208749,182927,103,5.49612
153822,137209,90,75164,66902,88,1972,1680,25,3827,3076,39,7688,6820,48,13182,11166,70,265475,238139,105,5.50313
89868,87710,81,28844,28392,78,1420,1188,11,1947,2194,22,4602,4461,38,8625,7819,52,176405,169015,96,5.50614
79837,78046,80,31277,30675,76,1452,1405,15,2273,2249,24,4501,4500,37,7714,7708,49,174781,167506,94,5.51615
109745,105934,84,38474,36794,83,1978,1823,23,3174,3158,30,6311,5894,41,10581,10521,52,219887,211997,100,5.54318
87928,87321,90,22367,22231,66,1183,1557,13,2115,1959,25,4555,4365,39,7996,8072,46,166380,164953,94,5.54418
128252,123244,88,51235,49911,81,1701,1783,20,3460,3281,33,7039,6494,47,12030,11971,54,249697,238171,100,5.55018
100174,98515,80,35333,35042,78,1444,1691,19,2689,2759,30,6971,6901,43,12815,12708,59,264615,258301,96,5.55018
72559,71311,78,30706,30532,76,858,693,0,1672,1635,19,3493,3563,31,6745,6192,50,130119,125470,93,5.55419
178009,140517,102,67795,53624,94,2394,1822,27,4069,3725,35,9522,7886,56,16309,13323,75,336167,277214,112,5.5682
79926,77606,83,30081,29707,76,1041,1062,7,1340,1552,18,3909,3898,34,6983,6816,42,121101,117631,93,5.57822
103768,97152,83,41806,38887,81,1441,1276,17,2764,2415,29,5637,5118,42,10008,9085,52,206961,193262,98,5.58022
120871,117391,83,27890,27252,78,1275,1454,17,3139,3017,31,6481,6279,43,10404,10335,49,225234,214986,99,5.58723
155814,125983,94,65973,53142,92,1881,1488,22,3255,2892,35,7176,5868,48,13391,10598,64,290106,236980,110,5.59323
143753,132839,88,54331,50267,87,2317,2281,24,3558,3246,35,8375,7744,47,15351,14036,70,306037,287388,105,5.62226
114539,111698,84,34914,33667,80,1851,1595,20,3084,2799,28,6449,6206,41,11635,11062,55,260053,241384,100,5.62226
199474,150949,105,59398,44270,98,3170,2240,32,4707,3743,43,12503,9552,70,21845,16554,85,457394,356072,116,5.62226
163351,133439,93,42183,33844,88,1964,1866,21,3559,3050,34,8590,7200,50,14531,11812,69,313285,271751,107,5.62827
115259,109929,85,45035,43486,82,1605,1496,18,3609,3287,33,7441,6794,48,13686,12895,67,288180,271427,100,5.63228
102876,101396,84,32954,32363,78,1355,1463,13,2629,2115,28,4926,4652,39,9038,8943,56,184246,177775,96,5.63228
81934,81033,79,29772,29280,77,1305,1240,13,1650,1689,19,4055,3865,35,8146,7757,46,166876,160710,95,5.64829
106689,103174,85,34811,34022,80,1740,1688,18,2593,2463,32,6103,5823,43,11468,10756,58,242702,232711,99,5.6503
209056,173724,97,88051,74909,94,2546,2226,28,5316,4203,41,11434,9745,63,18469,15952,83,408815,346976,112,5.6523
277490,182685,125,102542,66082,123,3218,2154,35,6491,4638,51,13672,9043,67,23261,15409,94,511077,343339,140,5.65931
91361,90093,81,34115,33737,77,1288,1066,8,2370,2245,25,5076,4922,41,9930,9292,54,202139,197558,95,5.66331
86911,83986,79,28935,28480,77,1227,1282,10,2257,2035,25,4699,4270,38,8515,7948,51,175342,163190,95,5.67032
104073,100200,84,40341,39082,80,1493,1469,17,3264,2798,32,6958,6831,47,12112,11997,59,260805,250281,97,5.68534
40603,39262,80,18198,18266,53,637,481,0,1122,1078,6,1557,1548,18,2572,2718,28,63430,64016,86,5.69735
206393,160962,106,77551,62487,98,2881,2527,29,5327,4618,42,11915,9629,62,22332,18213,83,446705,370487,116,5.70436
117901,113187,84,62827,60562,84,1759,1810,21,4386,4006,36,8487,8101,53,14271,13688,63,311520,296649,100,5.71537
48988,48999,78,18839,19167,54,656,513,0,1563,1328,19,2418,2419,25,3977,3845,36,85823,85945,89,5.71737
231952,172148,107,80255,60628,103,2751,1975,33,5037,3586,44,11551,8950,61,20630,16169,86,433151,321511,121,5.71837
120553,116318,87,53833,51483,82,2313,2228,25,3761,3273,37,7086,7198,46,12585,11411,65,247091,235521,100,5.72338
123888,109758,96,38443,33061,85,2018,1578,24,3035,3030,33,7190,6447,47,12095,10452,66,272958,241796,103,5.73339
124442,104443,104,48275,41569,87,1527,1331,14,2806,2703,30,5475,4420,46,10592,8713,65,207281,177921,104,5.73639
248095,170237,128,88872,61157,116,3400,2338,34,5200,3705,46,12219,8392,68,19927,13845,85,427342,294414,134,5.75241
148860,124814,102,41333,32875,91,2152,1754,23,3551,3269,35,8135,6828,57,13916,12054,65,277957,231741,108,5.75742
173276,131356,97,64983,48519,96,2383,1758,29,4743,3585,42,9814,7525,55,18011,13467,79,381874,287046,114,5.76242
151508,128000,93,54224,44692,89,1795,1419,24,3951,2993,40,8308,7343,51,14045,12030,71,323447,285540,107,5.76242
86850,86257,78,35797,35325,77,1207,1148,10,2238,2031,22,4114,3987,35,6504,6226,44,146453,145907,94,5.76643
95353,94134,82,20909,20449,63,1050,1204,10,2159,2331,25,4274,4367,36,7284,7227,48,154815,153096,95,5.77043
112423,109120,85,29187,28560,81,1915,1772,20,3243,2911,34,6486,6508,41,10929,10053,60,248968,236632,101,5.78344
91946,89029,81,31536,30880,77,1142,1082,8,2470,1930,28,5041,4733,39,9573,8613,53,206888,196371,96,5.78445
54618,55256,75,21767,21752,63,828,863,0,1005,933,0,2398,2582,26,4611,4261,40,91838,93061,90,5.78645
90323,86696,84,32158,31600,76,749,943,0,2247,2219,26,4965,4701,38,7211,7183,45,161756,152179,95,5.79245
102355,100265,82,33042,32499,79,1589,1482,16,2886,2609,29,5955,5673,44,11016,10973,59,240349,231511,98,5.79646
149158,119988,95,48191,38222,93,2203,1760,24,3243,2669,31,7482,6194,50,11954,9158,62,256981,213622,111,5.80046
113980,108543,85,34923,34141,81,1572,1613,19,3024,3002,32,6818,6471,42,10610,9557,62,233366,221197,101,5.80046
86541,84495,80,18264,18230,53,1159,1246,12,2113,2069,24,4331,4322,35,8097,7686,46,180350,176114,96,5.80046
154213,120043,97,39787,29721,95,2108,1723,26,3340,2866,34,7418,5587,54,12620,9776,61,276200,222805,112,5.80847
162918,145658,95,42574,37184,89,2353,1972,29,4246,3602,38,9784,8600,51,15832,13829,81,324975,301046,106,5.81047
117392,111171,86,39398,38124,83,1782,1662,19,3505,3527,34,6424,6153,46,11152,10518,60,220803,209366,101,5.81248
117788,110209,96,42471,40945,81,1119,1159,14,2527,2454,28,6071,5828,41,9515,8879,49,227845,214339,100,5.81648
104927,101767,89,29634,29138,78,1466,1513,17,2681,2354,33,5723,5357,43,10014,9772,55,207277,199088,97,5.81948
144977,134380,105,60639,57175,88,2259,2051,25,3813,3796,33,7195,6826,47,11967,11620,54,256738,245261,105,5.82049
133157,112690,95,55075,46890,88,1678,1494,20,3425,3093,36,6880,5931,50,13577,11362,67,293380,253415,106,5.82349
114797,110307,86,41334,39014,83,1445,1726,17,3141,3118,30,7208,6894,46,11269,10642,62,264566,254886,100,5.82649
210229,153143,100,71722,51415,99,3086,2183,34,4841,4085,46,10740,7965,61,19207,13780,90,412107,312633,116,5.8375
120470,115157,86,51572,49545,83,1616,1857,17,3105,2823,31,5404,5148,40,9428,8352,60,207720,202334,101,5.84752
121366,105681,90,38124,32660,85,1825,1417,21,2807,2720,31,6808,5803,48,11044,10155,65,239702,212412,103,5.85352
106859,101630,98,31076,30361,79,1491,1412,16,2883,2913,28,6525,6339,43,12421,12655,59,261678,250140,98,5.85853
115689,110861,85,47741,46557,81,1621,1551,19,3494,3034,31,7380,6918,48,11973,11284,55,273689,259042,98,5.85853
189301,154165,112,70935,57318,112,2560,1922,28,4659,3932,40,9771,7737,59,16584,13479,88,352908,290141,112,5.85853
135926,122507,96,46825,41664,87,2058,1842,23,3740,3034,38,7641,6858,52,13241,11781,61,270009,247818,104,5.86253
280202,195594,116,111685,77547,113,2972,2288,31,6885,4803,54,13994,10365,69,23981,18330,95,517955,386738,131,5.86253
123185,110696,87,49251,44126,84,1598,1437,21,3077,2866,29,7222,6812,47,11997,11345,59,275829,255554,103,5.87054
186711,144482,97,72514,55399,95,2247,2133,23,4726,3417,42,9866,7932,59,17302,13610,77,346203,269416,109,5.87755
174542,139826,96,54824,43591,94,2230,1851,24,3712,3190,39,8502,7088,55,14230,11200,67,297689,248723,112,5.88656
173969,152522,99,61848,52716,91,2212,2011,25,4731,4217,40,9185,8188,52,16919,14967,86,338523,311589,108,5.88756
97085,95947,81,36402,35982,79,1179,1202,13,2139,2474,23,5509,5336,41,10780,10399,64,214574,204595,97,5.88756
167906,132406,103,62523,48846,94,2190,1600,24,4196,3607,38,8480,6656,55,15943,12972,73,318950,257555,112,5.88956
228255,176268,104,78624,61775,100,2791,2073,30,5383,4387,44,11515,9227,61,19844,15655,88,419023,340953,118,5.89557
124210,111021,88,33764,28794,86,1623,1478,19,3218,2630,38,5959,5275,43,11686,9998,63,240436,216519,103,5.90358
155585,130434,94,62055,52660,91,1881,1533,26,3617,2960,38,8238,6772,51,13376,11347,67,283174,243740,109,5.91759
108590,104208,85,36713,36392,79,2038,1892,22,2730,2677,28,7251,7021,43,13028,12691,59,283751,271128,98,5.91759
181475,138799,110,73515,56643,95,2762,2019,31,4762,3670,41,10562,8202,56,18331,14746,79,385188,296312,113,5.9196
53869,55360,68,22683,23003,63,818,518,0,1169,1416,14,2526,2484,27,4642,4554,34,96144,93242,90,5.93161
121890,111029,86,49995,46982,83,1818,1784,21,3307,3363,30,6892,6558,47,12463,11992,60,264792,254859,100,5.94462
136771,117876,100,50014,43444,88,2215,1852,23,3312,2741,35,8057,7321,48,13303,11765,67,286847,255416,106,5.94462
75697,74540,79,19788,19629,56,1287,1145,10,1132,1502,17,3873,3984,34,6573,6986,42,154519,145179,94,5.94863
101703,96493,98,32601,32208,78,1254,1405,14,2600,2484,24,5534,5226,41,9055,9078,52,189337,181198,98,5.95263
226165,190844,108,91722,77627,104,3560,3133,31,7332,5999,44,15367,13961,66,26003,22564,103,544830,486267,121,5.95464
245730,174727,118,93762,66709,108,3355,2465,33,6221,4654,49,13193,9573,65,22443,17004,91,490307,358768,125,5.96064
136935,122584,85,50801,45125,85,2127,1661,26,3326,2782,32,7942,6901,50,13035,12330,58,296718,275368,103,5.96965
143466,120057,100,46905,40322,86,2033,1756,22,3605,2803,36,7543,6657,50,13174,11294,67,283600,245165,106,5.97566
142732,135071,90,66065,62810,84,1814,1905,21,4346,4203,36,8723,8277,49,14456,13805,68,321418,303930,102,5.97866
138666,128079,90,54459,50198,85,2001,1725,22,4234,3721,44,9576,8828,55,16435,15648,71,353073,326089,103,5.97966
99295,96065,90,41007,40612,80,1391,1389,14,2745,2872,28,6287,6370,43,10404,9570,55,232592,227518,97,5.98567
162994,133850,94,49371,40518,91,2321,1699,29,4317,3308,39,9843,7871,58,17059,14076,74,365821,312779,109,5.98767
107665,103287,87,36899,35873,80,1572,1339,17,2463,2391,26,6055,5894,42,11438,11081,58,238303,224641,98,5.99068
198986,149177,100,73418,55191,99,3045,2149,33,4935,4014,43,10976,7968,65,20912,15018,89,415173,311620,117,5.99568
166796,140583,95,64018,54885,92,2134,1863,25,4731,4088,39,8876,8443,50,14735,12465,64,319322,280570,110,5.99768
94300,91361,81,28256,27820,79,1488,1405,17,2606,2844,25,5828,5863,40,9998,10065,54,221041,212715,97,6.0097
184870,140455,99,70625,54005,95,2583,2070,27,4262,3177,41,10316,7444,66,16950,12582,73,359972,266796,113,6.0097
94367,92441,84,29206,28739,77,1600,1493,20,2346,2237,26,5971,5990,42,11386,11038,56,217054,208970,96,6.01971
135192,123000,86,43637,39493,83,2838,2273,28,3008,2954,32,8319,7719,52,13913,12795,67,296697,279160,102,6.03573
205076,159293,104,76626,59484,98,2780,2203,29,4040,3130,39,8105,6235,53,13727,9803,65,295224,227753,116,6.04674
165884,135042,95,43854,35061,92,2533,2152,26,4248,3549,43,8871,7506,52,16328,13633,73,326682,279994,111,6.05074
117210,103096,85,39843,34163,84,1850,1530,18,2825,2304,33,6432,5461,47,10150,9036,64,237797,209294,102,6.05174
82206,78359,88,32877,32615,77,1132,1208,11,1831,1609,23,4060,3639,36,6887,6560,54,155153,147052,96,6.05375
99068,98327,80,24542,24414,67,1433,1349,17,2104,1791,23,4836,4821,38,8129,7185,52,186699,181256,96,6.06175
155384,138967,91,58068,50578,91,2223,1932,25,4449,3756,39,9144,8153,60,16011,14045,65,337299,307002,106,6.06276
168512,151136,91,73250,65178,89,2697,2559,27,5249,4740,45,11318,10945,57,18715,17601,77,428133,400543,106,6.06576
196609,149780,97,65865,48689,97,2744,2084,32,4389,3557,44,10260,7666,63,17034,13131,76,360203,290687,114,6.06676
133984,127003,87,40426,37343,83,2192,2155,24,3964,3496,34,8421,8029,49,15079,14426,76,310266,283689,101,6.07277
93190,89299,86,40008,39531,78,988,1182,9,2302,2196,28,4402,4348,36,8316,8128,48,168312,165763,96,6.07377
115101,112728,83,51653,50133,80,1669,1696,20,3131,3121,28,7374,6918,49,12460,11472,71,263921,247106,98,6.08178
322993,229754,136,206117,158788,132,5327,3842,41,9748,7174,59,20015,15214,83,35791,27830,132,747473,559926,148,6.08278
261530,202514,114,136263,106821,111,4904,3937,39,9101,6752,67,18839,15294,71,31829,25089,114,690760,575311,129,6.08278
129936,124537,90,48083,46040,82,1728,1544,19,3468,3091,37,6890,6644,44,12813,11884,65,271126,257958,100,6.0998
130140,116620,90,49032,43291,85,1698,1681,20,3899,3797,37,7944,7345,48,13596,12292,67,280226,260471,103,6.11281
85978,85202,86,30078,29764,76,1336,1549,15,2520,2575,25,4912,4821,38,8936,8720,53,183726,177626,94,6.11281
82287,80342,84,25577,25405,74,1215,1217,11,2068,1881,23,4639,4748,35,8470,8194,48,179766,174549,94,6.12483
86237,83491,84,23555,22890,69,1316,1241,11,1948,1890,22,4533,4560,37,7514,7524,46,164470,159107,95,6.14585
163922,137182,98,55184,45554,92,2284,1904,25,4474,3900,40,9678,8711,54,16288,13900,72,345923,306425,109,6.14685
152283,141672,87,60418,55829,86,2011,1869,22,4021,3536,35,8878,7855,49,15977,15115,78,320041,301802,104,6.15085
65096,63106,80,23372,23155,67,769,740,0,1509,1441,17,2843,2771,28,5186,4877,39,110328,106872,93,6.15286
179582,138230,100,66150,50833,95,1947,1611,23,3300,2977,34,7798,5810,52,12835,9970,65,283332,220332,113,6.15486
96918,94207,84,33917,33543,78,1280,1240,13,2110,2185,27,5241,5117,41,9545,9567,50,190322,184651,97,6.15786
152699,132174,92,60368,51551,90,2017,1624,23,3937,3632,35,8929,8086,50,15248,13112,78,333301,294050,106,6.16086
182347,142180,97,60117,46854,93,2522,1916,29,4746,3149,43,11089,8725,62,19440,15340,81,410697,335282,112,6.16587
106950,102830,85,42906,41280,82,1708,1513,18,2581,2264,24,5765,5706,40,10597,10131,57,221247,214824,99,6.16587
216514,158918,105,89389,65474,100,3050,2279,32,5533,4139,47,11563,8653,63,20796,14492,84,455294,332847,117,6.16787
117474,110489,87,46305,42574,82,1629,1415,20,3533,2882,36,7513,6921,48,13301,12822,62,278136,258847,99,6.17388
87210,85672,87,21423,21256,57,1411,1401,14,1908,1915,24,5374,5089,38,9918,9432,53,216626,211364,94,6.17488
143749,123469,91,53107,44460,88,1880,1696,20,3330,3038,37,8383,7240,52,14382,12683,63,293814,253717,105,6.17989
119091,115270,84,30942,29912,80,1837,1781,20,2971,2952,32,5755,5449,42,10735,10629,56,234968,223719,99,6.18689
117971,110059,87,38147,34631,83,2004,1473,23,3137,2702,31,5856,5577,40,10931,10123,60,234670,216306,101,6.1899
171389,140450,92,67932,54608,93,1964,1674,23,3450,2830,36,8869,7372,50,14468,11450,75,310659,252707,109,6.1919
236318,176926,102,97922,75271,102,3184,2131,36,5489,4028,44,12065,9380,61,20959,15941,86,435443,346169,119,6.20291
186898,153913,97,84232,73126,94,2284,2012,26,4754,3848,42,10777,9472,53,19205,16566,76,410062,355951,113,6.20592
110197,103769,83,40495,37496,81,1343,1337,14,3603,3086,34,7981,7567,52,13136,11653,65,298077,287294,99,6.21092
119319,115322,83,52429,49933,83,1955,2204,21,3846,3496,36,8054,7301,49,12338,11494,61,261798,241257,99,6.22394
210938,155273,104,70935,50971,101,3048,2059,34,5258,3804,47,11566,8513,63,19430,13479,88,406647,309214,120,6.22494
176496,146178,102,60635,50226,91,2426,1954,28,4278,3770,38,8545,7683,50,15577,13179,69,319420,265288,110,6.22894
131275,113942,100,48376,41280,88,1678,1849,19,3908,3208,39,7185,6282,47,12489,10839,60,286338,258351,104,6.23595
111208,106412,87,45137,43596,80,1504,1225,20,3115,2793,31,5451,5220,39,9131,8937,49,195319,185195,98,6.23995
99181,94448,87,44212,42909,81,1236,1124,9,2890,3041,28,5590,5613,41,10569,10005,57,207095,197933,98,6.24496
270402,193336,113,125623,93571,110,4465,3358,38,7809,5555,57,17614,13252,76,30400,22716,110,664798,506020,127,6.24696
102709,98858,80,35658,34800,78,1131,1234,13,2367,2457,26,5250,5244,38,10423,9361,65,215527,206724,97,6.282
225841,170378,103,90380,65561,104,3016,1921,33,6527,5072,50,11639,9208,61,21621,17295,91,511438,398261,120,6.282
83151,81514,77,21963,21708,61,1400,1567,16,2298,2120,23,4735,4640,40,8833,9255,49,187784,181332,93,6.285
64668,64236,77,22364,22154,63,652,667,0,2147,1630,25,4038,3748,37,6129,5885,43,139699,134484,93,6.286
156096,124716,96,63196,51530,92,1830,1456,19,2602,2533,30,6508,5009,49,12048,10018,64,261905,211977,110,6.29101
159711,132661,103,56718,47534,90,1932,1539,23,4359,3398,46,8032,7046,50,13884,11966,62,288428,247927,108,6.29501
151447,126334,94,52414,42991,89,1759,1503,19,3977,3071,38,8709,7462,56,15605,13013,75,320836,273393,107,6.30803
341179,248515,142,162715,125504,138,6372,4772,43,11758,9002,60,23659,17209,100,39711,28806,140,824238,620535,156,6.30903
213756,158891,107,83707,62267,104,2737,2172,30,5002,3742,45,10986,7663,64,19076,13764,77,411389,296788,122,6.31404
119113,101763,88,45233,38593,87,1613,1179,17,2417,2186,30,5213,4430,43,9529,7789,56,199410,170756,103,6.32004
88857,83706,88,36197,35522,78,1156,1295,11,1851,1794,25,4550,4583,38,7809,7274,50,182600,179635,96,6.32505
131193,119529,88,48661,43917,84,1715,1629,21,3250,3021,36,7395,6415,50,12003,11124,57,255171,240518,102,6.35408
157753,123074,97,63319,49329,94,2049,1841,19,3930,3185,42,7855,6404,53,14301,10750,78,303362,241491,111,6.3691
267508,199305,128,104879,80598,119,4102,3035,39,8368,6634,54,17715,14127,71,33528,25117,117,700239,550177,136,6.3721
163947,149433,93,70742,63961,90,3009,2662,29,6078,6236,40,12686,11727,61,21457,19686,83,445294,400876,107,6.3761
237643,173132,104,98704,71383,103,3413,2312,36,6417,5072,49,12098,9103,62,21308,16204,84,434941,339673,119,6.38011
87626,85910,83,31549,31042,77,1129,1082,9,1867,2093,21,4550,4167,37,7658,7483,45,168549,159288,96,6.39212
110713,106292,87,33788,31635,81,2064,1774,23,2596,2502,31,6792,6488,47,11801,10913,64,263020,253597,99,6.39513
60831,60944,77,14075,13931,48,627,640,0,1410,1641,17,3083,2993,32,5719,5102,38,118849,119527,90,6.40113
76682,75374,79,23079,22985,61,898,936,0,1893,1880,19,3603,3536,32,5681,5629,41,121764,116657,93,6.40213
121754,113135,90,53026,50203,84,1415,1243,13,3179,3127,32,6040,5708,43,11552,10746,60,245006,238331,101,6.40414
80424,82958,69,23681,23346,69,1373,1299,16,2510,2332,28,5636,5378,43,10618,10298,57,228205,211883,94,6.40714
114904,110601,89,27853,27428,79,1718,1596,18,2923,2671,29,6583,6534,43,10717,10056,64,212914,200887,99,6.41715
88283,87165,81,34993,34909,78,917,841,0,1709,1820,21,4830,4542,39,7630,7306,45,181523,176966,95,6.41815
58204,58883,76,22383,22170,64,755,712,0,776,969,0,2478,2619,25,5043,4840,39,97875,96367,91,6.42216
201306,166081,97,74086,60061,96,2231,1608,23,4708,3913,40,8810,7218,53,12692,10308,63,308164,256844,113,6.44018
153500,126882,94,67756,56828,91,1795,1509,22,3437,3144,30,9512,7751,54,16305,14108,71,342545,293225,108,6.44018
101543,97851,80,32572,32147,79,1289,1338,14,2531,2519,28,6159,6080,42,11377,10436,56,232882,217078,97,6.44318
111511,103187,91,41998,39178,83,1563,1663,19,2676,2710,28,7363,7125,47,12977,12349,64,267586,256664,100,6.44518
120555,114369,83,40867,38110,81,1785,1646,23,3652,3350,35,7880,7475,48,13033,12751,56,277158,262135,98,6.44518
102943,100169,84,39415,38422,80,1373,1453,15,2583,2319,32,4961,5126,35,9008,8164,56,195199,184409,98,6.44919
117983,114753,83,49461,47556,81,1941,1698,23,2917,2968,30,7438,7226,49,12779,12445,61,294632,283265,98,6.45319
74345,76123,77,17670,17784,51,727,877,0,1596,1806,21,3965,3951,35,5915,5351,43,141175,133333,93,6.45319
161013,131065,108,64658,51981,92,2207,1862,26,3403,2811,38,8035,6489,52,15375,13172,67,331990,273449,109,6.4632
119694,112580,93,49909,47646,82,1541,1415,20,3835,3225,40,6730,6644,44,13523,14065,57,284455,268244,98,6.47522
83938,83580,77,26894,26139,77,1120,1151,8,1901,1987,26,4842,4721,38,7829,7609,46,161194,152589,95,6.47722
150996,131929,91,62112,53707,89,1687,1690,21,3498,3064,36,7549,7295,45,12502,10185,63,286064,249047,106,6.47722
148987,142874,86,52304,49768,84,2651,2424,27,4963,4588,38,10506,9601,54,18312,17102,77,375130,351009,103,6.47822
109198,107663,82,27996,27278,78,1266,1326,14,2994,2639,30,5935,5573,45,10684,10070,62,222578,213897,98,6.48122
119906,110139,84,51089,47353,83,1428,1108,9,3349,2864,30,5445,5348,41,9861,8998,51,219095,203280,100,6.48623
167852,147319,91,61325,53694,90,2275,2219,22,4050,3621,40,9239,7997,56,15348,13540,71,333845,304654,108,6.49123
131427,110393,91,50871,42867,88,1876,1348,22,2920,2764,32,7156,6169,53,13227,11458,62,289406,245430,104,6.49624
240988,169694,114,84495,59018,106,3103,2300,32,5002,3765,51,11359,8114,60,20098,14237,85,411033,295442,124,6.50325
167649,140278,106,61905,50896,92,2125,1834,26,3978,3866,35,9657,8067,59,17450,14388,70,353658,301442,108,6.51426
86498,85915,78,26799,26724,73,881,895,0,1933,2179,21,4334,4233,33,7412,7392,45,158611,154852,94,6.51726
93149,93007,83,24110,23539,75,1218,1230,11,1775,2671,21,5309,4963,40,9216,8264,55,186540,172875,96,6.51926
82329,81709,78,31983,31699,77,893,797,0,1869,1830,22,3905,3759,36,6837,6241,48,154953,150929,95,6.53228
135537,119165,89,50498,44361,86,2165,1782,27,3950,3614,36,8442,7535,51,14787,12975,72,327388,297165,104,6.53328
95064,91456,81,40815,38922,79,1352,1216,11,1669,1825,21,4803,4531,38,7962,7964,47,192335,184563,95,6.53929
192397,168261,99,45877,39123,92,2530,2418,24,5223,4222,42,11041,9815,58,19761,18281,90,388724,356880,108,6.54129
158647,132244,96,59759,49275,89,2203,2109,23,3509,2726,39,8228,6689,50,14398,11564,69,308341,263796,106,6.54229
98649,94161,84,44491,42855,81,1421,1433,15,2954,2357,32,7047,6575,45,11618,11277,61,255022,247735,98,6.5523
132724,123229,87,51652,48163,84,1860,1551,21,3966,3467,38,8040,7692,50,12955,12038,64,293063,277099,102,6.55831
193237,141392,107,67332,48796,99,2265,1500,26,3756,3064,41,8734,6573,52,14569,10590,75,315324,229719,117,6.56031
106701,103865,83,26705,26304,79,1290,1462,14,2266,2436,22,5580,5423,38,10683,10519,54,202621,195693,98,6.60035
88708,87108,85,28770,28462,77,1258,1350,14,1723,2285,22,4567,4482,37,7556,6928,56,160690,151407,95,6.60236
119122,114365,84,37440,34848,83,1925,1882,22,3771,3529,38,7304,7054,47,12561,12749,64,250285,238994,100,6.61637
140595,131458,86,34822,30560,85,1875,1441,22,3836,3270,34,8129,7465,49,13448,12438,64,300081,274087,102,6.61637
84945,83440,81,29656,29751,76,1402,1150,10,2364,2114,25,5079,4861,38,9751,9863,55,185725,179510,95,6.61737
150265,121436,108,53916,44394,91,1991,1421,26,3599,2878,38,7720,6465,49,13568,11173,70,292244,230636,108,6.61837
154264,125785,100,58979,48299,90,2185,1513,29,3843,2621,40,8763,7000,54,15607,12390,77,319224,263096,108,6.62138
122866,108766,96,39001,33346,86,1731,1477,18,3120,2392,32,6631,5592,46,12097,10897,69,254837,227846,103,6.62738
84129,83890,82,32593,32414,78,1042,1153,9,1808,1757,22,4763,4443,39,8838,8478,53,180123,175961,96,6.62738
133332,107801,92,48027,37385,89,2256,1694,25,3424,2786,35,8253,6643,53,13683,11602,68,284298,233467,106,6.63639
108821,101087,88,40205,38864,81,1651,1637,20,2471,2628,24,4702,4179,38,7975,7871,50,170810,164643,99,6.64741
136696,120366,92,43819,37160,87,1781,1519,20,3364,3249,34,7980,7028,50,13646,11913,69,295778,263243,103,6.64741
80866,80392,77,19190,19097,55,1049,852,0,1803,1481,22,4765,4715,37,8096,7522,48,170229,168950,93,6.65141
56337,59037,67,24831,24821,72,1067,1002,2,1574,1210,11,3113,3106,29,5231,5510,37,124363,120929,89,6.65241
224752,166903,104,66484,49532,101,2791,2190,31,5120,3693,48,12311,9053,66,20458,15253,82,452314,335003,120,6.65542
216917,160358,102,79404,61747,99,2349,1649,28,5062,3880,47,10474,8225,59,16856,13496,80,383698,297017,118,6.65742
130401,122167,86,53822,50782,83,1782,2056,21,3378,3033,34,8066,7705,46,14715,13225,72,321686,299595,101,6.66242
92710,89864,81,31091,30584,77,1783,1898,21,2239,2194,26,5506,5562,39,9642,9611,58,200306,190824,96,6.66443
122943,113537,88,50991,45893,83,2299,2084,27,4034,3268,38,8094,7651,48,14339,13489,63,305923,284429,101,6.67344
226878,174617,104,80354,62694,101,2753,1921,32,5872,4203,49,12579,10043,66,22085,17390,95,432580,345488,120,6.67544
78760,79381,76,27441,27469,74,1047,1058,6,1650,1858,22,4782,4860,37,8542,8420,47,166662,162137,92,6.68145
133929,117678,88,49677,42156,88,1938,1788,21,3263,2830,33,7462,6431,51,13258,11641,60,266223,232859,105,6.68645
169195,136373,98,69856,57883,94,2174,1869,26,3936,3332,38,8904,7687,51,15314,12212,67,325184,272650,111,6.68745
98645,95000,82,37145,36120,80,1269,1416,14,2797,2754,27,5543,5482,40,8900,8532,49,189532,181949,98,6.69045
180658,152453,103,62965,52866,94,2212,1926,23,4442,3653,40,8037,6986,53,13447,11834,70,290055,254706,110,6.69146
95249,93192,82,40472,39798,79,1407,1591,14,2048,2012,23,5388,5342,40,9823,9360,58,193950,188453,96,6.69346
90540,88882,84,43352,42467,80,1937,1351,22,2382,2507,27,5237,5570,37,10460,10263,53,210420,196794,96,6.70647
132735,116046,89,47761,41041,87,1738,1480,23,3017,3145,33,8042,7195,49,14427,12988,63,288451,254182,105,6.70647
99775,95592,95,39363,38879,79,1296,1254,11,1893,1717,20,5324,5253,38,9954,9868,50,203055,192818,96,6.70747
89350,85586,83,29503,28781,77,1073,962,0,2032,1938,16,4308,4271,35,7332,7226,46,153981,146930,95,6.71348
127440,109772,92,44784,38305,87,1858,1461,19,3279,3172,28,6804,5818,47,11744,9928,60,258310,226444,104,6.71348
103335,101676,81,23571,23073,73,1694,1558,18,2640,2352,26,6243,6018,44,10944,10214,58,234338,224204,97,6.71849
166010,134951,107,63375,51861,93,2454,1978,24,3874,3215,35,8575,6923,58,16083,13024,70,323952,268770,110,6.7275
171670,148783,95,65705,57426,90,2010,1843,24,3858,3492,34,7868,7073,49,13370,12630,58,270970,252704,108,6.7305
114098,110723,83,32520,31295,79,1812,1809,18,2701,2641,25,5393,5174,41,10489,9425,56,204130,190208,98,6.74251
265134,196389,112,92033,67711,108,3757,2712,37,6681,4680,58,12903,9527,66,21340,15932,91,450248,346812,124,6.76053
108225,104750,92,44316,43157,80,1817,1681,23,2699,2721,28,6013,5715,44,11793,11544,57,232744,219694,98,6.76854
83596,82365,80,26478,25888,76,1394,1031,8,1638,1587,18,4588,4848,35,7852,7722,45,174883,169318,94,6.78056
200597,157599,105,77918,60639,97,2679,2128,31,4692,3929,40,9262,7747,57,15606,12885,77,339607,274161,115,6.78056
159567,136208,100,58577,50160,88,2130,1798,21,3923,3683,33,7371,6263,47,13485,11367,74,274305,246396,106,6.79858
115588,101833,89,32548,28441,82,1796,1505,17,3295,2871,34,5827,5320,40,10200,8813,58,232022,208332,102,6.80058
126870,122495,92,77200,74920,83,1192,1285,13,3330,3138,34,6126,6132,42,10886,10573,52,223634,208623,100,6.80258
84552,84064,81,26349,25927,76,1545,1364,15,1810,1449,20,4431,4434,36,8262,8281,52,179956,175781,94,6.80358
226341,178143,109,88508,69134,105,2809,1964,34,5105,4201,42,12341,9719,65,20495,16505,86,414627,346333,122,6.80358
106356,103356,85,28086,27360,79,1537,1455,16,2592,2393,28,6494,6063,43,12323,11815,71,249522,236299,98,6.81159
143623,126948,90,47303,42221,88,1939,1651,21,3286,2578,36,6574,6120,45,13027,11402,72,255467,234536,105,6.8196
112718,108068,92,54295,53333,81,2039,1936,22,3624,3635,31,6519,6459,43,9599,9151,54,223353,218654,99,6.8236
84784,81544,82,26476,26311,71,1186,1089,7,2171,2071,24,4074,3944,35,7438,7047,49,144946,136225,96,6.8236
74762,74279,79,28613,28480,75,724,904,0,1953,1724,21,3587,3467,34,6188,5857,45,122694,115888,92,6.83361
90294,87667,81,29406,29106,77,1187,1177,11,2454,2399,26,5811,5547,42,8770,8875,46,205561,197195,96,6.84863
119557,109338,87,62525,59010,85,2233,2067,25,4132,3617,38,9651,9237,56,16165,15463,73,336951,308726,102,6.85764
168188,136566,98,66864,54179,93,2092,1546,26,3747,3532,37,8508,7158,53,15337,12835,64,312520,264632,110,6.86165
233179,180917,116,74019,57413,100,3290,2709,33,6235,4766,50,12537,10115,62,20832,16399,85,429341,356931,119,6.86665
111843,108131,82,32592,31599,79,1584,1556,16,2700,2548,30,5305,5038,40,8014,7517,51,181631,175164,98,6.86965
121876,112529,86,48200,44013,84,1879,1581,22,3302,3045,32,7291,6960,48,12936,12632,59,275824,256628,100,6.86965
121631,112800,90,49436,46401,84,1889,1771,23,3364,2970,32,6976,6500,43,12746,12509,66,266450,251040,101,6.87166
104389,102535,83,46992,46495,80,1584,1862,18,3417,3434,32,7623,7187,49,13022,12626,59,270260,260749,97,6.87266
117899,110120,84,37504,34668,82,1841,1738,22,3210,2702,31,7121,6700,49,12843,11904,72,278024,256827,101,6.87766
186779,137606,99,71924,53125,97,2218,1554,26,4154,3434,38,10562,7892,59,17694,12199,87,379944,279570,115,6.88167
100244,98416,80,28573,28281,77,1475,1738,16,2538,2483,27,5583,5448,40,8897,8382,49,188023,178287,96,6.88367
109876,102727,85,44370,41462,85,1740,1674,19,2753,2534,28,6595,6328,44,13183,12359,66,256094,241902,100,6.89068
134319,118959,90,53037,47308,87,1609,1807,18,3155,3039,31,5795,5256,43,10842,9756,64,214632,196690,104,6.9087
200798,152760,101,66593,49059,97,2483,1819,28,4660,3723,41,9799,7913,54,17691,13824,73,357159,281105,115,6.9087
152728,130142,93,60961,51546,90,2599,1955,27,3807,3103,38,7910,6784,52,13898,11984,66,297135,261591,108,6.91571
155171,128286,99,60869,49936,92,2181,1778,24,4244,3278,41,8546,7156,52,14841,11951,70,324478,263254,109,6.91871
129623,110981,90,36369,30607,85,1734,1510,23,3445,2518,34,7751,6581,52,13863,12066,63,285158,245030,105,6.91971
178318,145230,96,63584,52327,92,2510,2110,25,3989,3362,35,8470,6796,51,14617,12074,64,292590,254144,111,6.92271
109775,106011,83,29262,28799,78,1874,1865,20,3345,3157,31,6121,5812,44,11364,11172,54,248795,245273,97,6.94374
252390,185674,116,85136,63161,109,3516,2342,36,6531,4922,50,13615,10117,65,24883,17257,111,498276,357941,128,6.94874
145556,132606,90,51001,46707,86,2327,1845,28,3577,3083,35,6942,6595,43,11649,11111,58,273522,248343,105,6.95675
140318,120514,90,46514,40566,86,1785,1643,19,3383,2847,34,7274,6880,48,13219,11626,70,259926,236331,105,6.96176
174298,137016,97,62119,47263,94,2976,2050,32,4148,3248,38,9751,7660,60,18304,14494,79,381923,302010,111,6.96176
160092,131364,95,62010,50208,91,1967,1480,18,2936,2662,34,7114,5908,52,12017,10383,70,271335,221792,108,6.96176
123090,101694,91,45720,38229,87,1652,1277,18,3192,2439,37,6526,5323,47,11770,10147,59,233511,196505,103,6.97477
117300,107603,92,52924,49111,84,1977,1980,23,3204,2949,31,7356,6961,47,12679,12653,57,274785,263459,100,6.97978
154387,137650,90,50201,43617,89,1830,1625,19,3796,3459,36,7296,6619,44,13259,11446,71,271215,244228,106,6.99079
194984,151295,102,59466,45886,96,2930,2308,31,4798,3896,39,10590,8607,66,18780,15185,82,376631,302834,115,6.9958
205622,173672,100,83540,71716,95,3716,3264,32,6797,6104,55,14397,12407,72,25024,22708,95,535624,479944,112,6.9968
212824,159519,103,61564,45631,97,3361,2494,35,5137,4341,43,12960,9882,65,21628,15914,88,475220,370669,117,7.00681
133700,113404,91,56578,47687,88,1698,1530,16,2867,2534,30,5857,5183,45,10194,8759,55,227169,195027,103,7.00881
130966,113145,88,49414,41712,87,1890,1793,19,3466,2787,33,6988,6007,45,14286,12094,69,277545,234946,105,7.02082
204758,157935,104,85334,67410,100,2552,1803,29,4540,3571,43,9812,7721,62,17410,12965,76,367939,290742,117,7.04685
85186,84357,82,30807,30172,77,1052,1223,11,2266,1886,24,4710,4837,37,8171,7808,48,180876,172973,95,7.04885
189349,136830,101,74924,53190,98,2799,1930,34,4772,3174,46,11366,7792,64,21614,15345,102,422280,304006,116,7.04986
121878,117265,88,47190,45925,82,2098,2266,21,3425,3288,30,7549,8015,44,14234,13631,71,281200,261273,100,7.05887
82203,79359,79,27168,26984,77,746,915,0,1933,1782,24,3781,3744,32,7182,7140,45,169666,164287,96,7.06087
130580,123953,96,52822,50264,82,2348,2266,26,3240,3333,32,7994,7619,47,13876,13716,64,283813,267614,101,7.06587
154047,121419,96,58707,45750,91,2070,1982,22,3420,2898,34,7626,5993,51,13303,10701,64,279021,225328,109,7.07188
126777,123012,83,45414,43941,80,1699,1666,18,3587,3571,31,6450,6107,46,10498,9784,59,231070,225432,98,7.07188
151663,126843,92,61855,51297,90,2089,1660,26,3588,2967,34,7746,6515,49,14257,11909,69,315674,271436,107,7.07388
220457,170173,106,78693,60671,105,3061,2412,32,5899,4614,43,11918,9235,63,19769,16068,87,423376,337182,122,7.07689
67201,64624,80,26166,25755,74,831,795,0,1403,1621,17,3660,3780,33,6098,6010,41,138310,133003,92,7.08489
165633,151430,91,75390,69101,89,2184,1895,25,4629,3937,38,8096,7389,50,13258,12110,69,280415,266566,106,7.0919
128648,125462,82,45913,44816,81,1830,1674,23,3387,3186,34,7549,7267,46,10482,10330,55,263273,247757,99,7.0929
91563,90363,78,30705,30279,77,1216,1216,15,2186,2449,26,5999,5439,43,10126,9936,54,214776,202907,95,7.10091
94352,89377,83,34444,33580,78,1154,1114,10,1628,1691,22,4089,4206,34,6670,6220,47,139965,131467,96,7.10592
88151,89068,79,37033,36220,77,1387,1406,15,2289,2527,26,4911,4924,38,9333,9051,57,191224,188918,94,7.10592
153505,136381,94,55318,49440,88,2048,1863,22,4006,3673,37,7898,6966,50,14726,13721,68,312440,290267,107,7.12093
141638,119506,95,51825,43746,90,1905,1826,20,3737,3015,37,7412,6094,50,12743,10567,64,271400,230655,106,7.12494
171554,145136,95,48591,40559,90,2308,1678,26,4221,3347,42,8319,7244,52,13753,11861,67,301598,258946,109,7.12894
67544,65660,88,19483,19464,55,957,949,0,1303,1444,16,2987,2924,29,4806,4674,42,102799,100701,91,7.13295
90375,87390,81,41094,40738,78,1076,986,0,1969,1986,21,3907,4085,34,7802,7359,51,151643,141818,96,7.15297
209183,165285,105,97306,80288,100,3063,2340,34,5321,4541,43,10715,8439,60,17269,14617,74,382984,323039,117,7.15597
51481,51124,76,20073,20025,59,820,901,0,1401,1433,15,3097,2981,30,4459,4600,35,103138,98085,89,7.17399
102475,99172,97,24688,24518,68,1420,1479,17,2252,2252,26,4839,5008,37,8334,8002,50,187502,177567,97,7.176
150541,136171,95,65112,59440,89,1606,1282,16,3748,3606,33,6658,5897,46,12575,11685,63,253146,236291,105,7.177
118755,113385,83,31662,30834,81,1973,1691,22,2532,2582,29,6245,6021,43,11103,10669,57,225801,217178,100,7.18601
105879,102695,81,35666,34985,79,1690,1680,18,4046,2998,38,8082,8359,46,14084,13141,66,297860,286230,98,7.18901
80460,79821,78,27838,27020,77,1111,1101,8,1788,1648,21,4963,4388,38,7863,7678,48,175822,171232,95,7.19302
98036,95918,81,26786,26098,78,1476,1345,19,2760,2360,33,5126,4999,38,9777,8955,60,208499,201642,96,7.20102
214028,158873,111,78177,58757,106,2782,2089,31,4629,3530,44,10845,8343,64,19028,14946,78,405532,314352,125,7.20603
53261,52698,85,19109,19053,54,568,737,0,1285,1124,9,2238,2090,22,3827,3621,33,80903,83325,89,7.22405
199112,167114,96,90626,74669,94,2778,1951,28,5788,4522,43,10777,9260,60,18205,15908,80,365191,319033,109,7.22605
101708,99460,82,24982,24316,77,1672,1522,17,3280,2778,31,5509,5213,42,10147,9705,63,193793,189746,93,7.22906
242097,190218,119,93050,74997,105,3046,2472,33,7015,5585,49,12828,10335,62,24262,18238,94,512113,420948,123,7.23807
136589,116579,91,39039,32156,86,1349,1204,12,3075,2482,38,6591,5232,46,11583,9834,56,245029,200955,106,7.25008
103443,100887,82,33767,32996,79,1314,1169,10,2671,2308,27,5271,5106,39,9089,8319,52,182622,170977,97,7.25909
47687,47021,83,20553,20842,56,466,385,0,572,812,0,2126,2198,24,3351,3539,32,69792,68586,87,7.26309
121648,116079,85,48309,46865,82,1624,1532,18,3111,2981,35,6657,6205,46,10644,10297,63,243759,230533,100,7.2671
119776,109041,93,46930,43251,83,1650,1419,18,2919,2989,29,7297,6448,50,12146,11220,66,269800,243182,101,7.2721
194030,171415,98,98022,87264,94,3298,3116,29,6898,5722,47,12938,11280,64,21758,19283,82,486271,429727,111,7.27711
91814,89239,83,25763,25369,76,1631,1494,19,2262,2485,25,5263,5217,40,9611,9483,59,189372,182953,96,7.28011
112390,105235,96,44184,42440,81,1482,1445,15,2907,2690,29,5896,5394,43,9635,8749,54,214716,199848,99,7.29613
109906,104805,86,31831,30945,79,1667,1593,19,2793,2672,28,7368,7194,49,12970,11812,67,258468,239574,99,7.29613
70277,70115,77,17878,17889,53,971,968,0,1869,1747,19,4296,4120,35,7026,6961,43,147468,140346,93,7.30114
150252,118600,96,55508,43872,90,1987,1521,23,3730,2639,37,7288,5706,49,12139,9627,63,257074,202799,108,7.30714
302691,191210,126,120191,81265,125,3657,2462,36,8669,5737,60,16364,10261,80,28215,17278,107,623980,405227,143,7.30814
93978,90956,82,34157,33356,78,1247,1227,12,2845,2550,31,5139,5212,39,9716,8904,63,195582,186584,96,7.31315
79698,76714,82,28445,28110,77,1107,1138,9,1463,1395,15,3995,3882,34,6967,7201,42,163876,157132,96,7.32316
93461,91100,85,29375,28588,77,1453,1198,11,2334,2539,25,4863,4577,40,8415,8546,56,184503,179283,96,7.32917
116275,110769,82,43694,41849,82,1551,1865,18,2491,2447,29,5574,5344,42,10100,9715,58,216981,203208,100,7.32917
84012,82730,85,31499,31460,76,1365,1176,13,1951,1965,24,4646,4863,36,8416,8027,51,194511,191530,94,7.34218
185746,143557,98,66080,50151,94,2651,1939,30,4020,3644,39,9750,7332,60,17821,14126,80,368406,294572,113,7.35319
337594,225652,144,187368,131898,139,7659,4957,47,12250,9092,63,29720,22167,112,49881,37689,139,1.04858e+06,824549,156,7.3602
102696,100473,90,30418,29892,77,1385,1494,18,2544,2347,32,5736,5497,42,10231,9476,63,221993,212966,96,7.36721
95272,95687,84,37819,37044,79,1381,1139,12,2462,2168,26,5095,5255,37,8853,8116,59,190863,182243,96,7.37221
47549,46650,80,10360,10509,42,648,589,0,720,704,0,1704,1490,17,3190,3341,31,65765,62763,88,7.41126
132559,129149,86,53821,52423,81,2610,2374,28,5082,3997,47,9984,9314,58,16877,16779,70,350535,330274,100,7.41126
106671,102231,87,36596,34573,82,1723,1837,19,3528,2882,40,6979,6631,45,12890,11983,68,259636,251065,99,7.41726
107710,95897,95,37406,33084,83,1503,1356,16,2748,2793,30,5627,5289,40,10067,9095,61,206834,191808,98,7.42127
116809,112114,91,45037,44034,81,1656,1813,19,3342,3192,31,6071,5915,41,10291,9617,55,210422,195547,99,7.42327
126394,112632,86,41395,36218,84,1730,1547,22,2613,2617,26,6821,6214,46,12290,10852,65,238442,211422,101,7.42327
105980,99438,85,33941,31202,82,1831,1510,21,2723,2542,33,6318,5923,46,11347,9991,63,226335,213105,99,7.42628
161043,127378,93,65436,52228,93,2045,1446,25,3333,2842,37,8494,6666,54,15905,13497,74,342019,275527,110,7.42828
86034,85072,79,32392,31778,76,1220,1275,14,1996,1757,21,4584,4628,36,8156,7714,51,173853,168325,94,7.43529
169637,141842,93,51192,41694,90,2080,1592,24,4772,4308,41,9663,7893,59,14976,12398,66,335301,285609,109,7.43629
120927,110949,86,43792,40534,82,1629,1458,18,3561,3199,31,7194,6887,46,13923,13507,65,269639,256166,101,7.4463
104561,92123,86,39287,34457,83,1249,1477,17,2006,1819,27,4942,4413,41,8161,7369,51,174486,153331,97,7.45331
89768,88094,81,22911,22387,67,1729,1743,17,2407,2474,25,5584,5650,39,9934,9545,49,224917,219027,94,7.45731
105333,102267,83,37517,36880,80,1191,1084,9,2359,2181,27,5146,5130,36,9372,9431,53,205350,198185,98,7.46232
107543,101633,84,35888,33653,80,1518,1493,16,3310,3206,31,6841,6288,46,11357,10621,61,258254,253084,99,7.46432
58188,58116,73,18832,18779,54,847,896,0,1326,1075,7,2956,3102,29,5019,4576,41,95849,92973,90,7.48434
118301,113475,84,42942,41631,81,2016,1586,19,3664,3578,31,8019,7011,50,14992,13278,73,292370,278025,100,7.50136
124775,114734,85,56986,52309,84,1862,1945,19,3589,3052,36,7035,6679,45,12078,11010,63,258358,249868,101,7.50436
219167,171108,107,78748,61078,105,2816,2345,30,4928,4242,42,11519,9233,65,19277,15020,81,398539,324445,121,7.51237
85389,83792,80,35926,35267,78,1400,1397,15,1503,1818,21,4354,4391,37,8915,8671,51,170827,163642,95,7.52539
200295,164395,95,75385,62926,95,2902,2555,28,5747,4816,47,11085,9480,64,19359,16043,87,413282,355262,113,7.5354
86696,85863,79,21675,21296,60,1095,1245,13,2446,2296,23,4657,4416,40,9413,9255,51,194798,181884,95,7.54441
93255,91340,92,24403,24087,75,1483,1351,20,3191,2812,30,5521,5461,40,9621,9440,50,221607,214241,97,7.54441
157426,134763,95,58324,49893,89,2406,1897,25,3796,2863,36,8641,7441,50,13808,12079,67,293705,259222,107,7.55642
182132,156272,97,72436,62889,90,3441,2798,35,7183,6381,50,14616,12763,73,23321,20751,87,504060,447323,109,7.56343
84915,85598,79,31892,31148,76,961,875,0,2437,2382,27,4621,4688,37,8395,8307,54,166682,157271,94,7.56643
82128,81486,87,27546,27164,76,1014,981,0,1559,1668,18,3915,3681,36,7822,7354,49,152700,150766,94,7.56843
212243,168104,111,73123,58988,107,3164,2335,33,5542,4334,43,12137,9960,60,21093,17291,95,435895,364489,124,7.57544
94403,91655,87,22953,22723,64,1359,1237,16,2444,2390,25,5101,5262,35,9125,8677,52,189884,185660,96,7.58045
272428,213337,115,114887,88490,115,4731,4041,39,8669,7023,49,19316,15769,78,31369,25429,114,706857,624458,131,7.58145
153939,130093,95,84839,75998,91,1640,1596,21,3937,3144,38,8048,7401,55,13926,12389,63,294214,266374,108,7.60347
96145,93663,84,25513,25004,77,1377,1338,16,2784,2577,28,6219,5745,45,10305,9546,56,226636,216423,96,7.60648
164249,143275,97,56624,49372,90,2018,1861,24,4621,4388,38,10604,10201,57,17907,16408,69,384151,353218,107,7.61849
113163,110184,82,41582,40637,80,1872,1675,21,2899,2420,28,6270,6112,44,10127,9949,50,229817,217086,99,7.61849
96606,93161,90,39367,38664,79,1215,1100,12,2889,2631,28,5721,5250,41,10297,9799,62,206942,198010,97,7.6265
129269,116591,92,47415,41800,87,1595,1374,16,3144,2462,34,7371,6689,44,13752,13115,61,279665,250073,103,7.6275
114414,101825,86,48596,43267,84,1668,1433,18,2613,2317,33,6373,5784,44,11886,10530,59,229050,209096,102,7.6325
116042,114161,82,42674,41590,79,2031,1992,24,3378,3366,33,7469,7410,45,13293,12814,66,270155,252799,97,7.63651
139995,130144,102,47724,43326,102,2039,1814,20,3949,3182,41,7493,6851,49,13851,12007,70,271476,243959,102,7.65653
66375,65209,76,22272,22202,60,1117,977,0,1604,1877,17,3325,3550,31,5737,5414,43,123171,120346,91,7.66454
177038,154354,92,57840,49034,91,2805,2343,29,4663,3810,41,10719,8941,61,18022,15844,77,389263,347266,108,7.68256
151573,119525,97,56436,44948,91,1929,1590,22,3291,2682,38,7305,5847,50,12418,9245,66,269990,211257,109,7.68356
82053,80110,82,31647,31433,77,1294,1284,13,1914,2023,20,4109,3888,34,7714,7314,47,161933,154277,95,7.69257
149214,121663,95,58542,47776,91,1496,1254,17,2738,2658,32,7625,6513,50,12669,10628,60,289429,239050,109,7.69357
212449,160427,99,66592,48786,97,2469,2015,30,5179,3795,47,10728,8080,62,18214,13403,87,367378,283654,116,7.69357
158536,134994,93,57903,47933,91,2416,1844,27,3688,2819,36,8562,7702,52,15881,13879,68,323271,277992,108,7.70158
106328,100245,83,39385,36976,82,1414,1323,15,3096,2811,30,5660,5318,43,9976,9376,50,203073,194802,98,7.70358
99658,96082,97,43195,42476,79,1372,1586,14,2179,2341,24,5938,5286,41,10396,9388,59,230276,222408,96,7.70358
105762,102212,86,27519,27036,79,1542,1264,14,3001,2869,32,6815,6529,44,10943,10779,55,254427,243190,98,7.70659
123431,105992,88,40734,34304,87,1416,1300,14,3274,2896,33,6334,5188,45,11906,10438,57,247664,218616,104,7.70859
182753,147922,101,65217,52076,95,2388,1768,27,4502,3326,40,8474,6800,51,14138,11322,71,317875,253325,113,7.7136
71364,72346,72,30214,29998,75,808,853,0,1784,1748,17,3574,3782,29,7183,6636,49,140478,137754,93,7.7146
221917,179019,100,104739,86506,98,2811,2185,32,5849,4784,44,12875,10822,64,21182,17589,83,486236,407175,115,7.7156
168731,138104,97,66072,54038,93,2468,2127,28,4166,3476,41,9664,7840,61,17638,15149,70,362574,310342,111,7.7206
117178,111916,99,40389,39247,81,1543,1408,17,3180,3003,31,6139,5917,41,11612,11107,61,229652,218263,100,7.72761
149366,123347,95,56991,47166,91,2030,1610,24,3527,2807,38,8236,6615,52,15003,12319,73,316756,264590,108,7.73162
137917,112887,93,55397,44461,90,1911,1227,20,2936,2620,35,5789,4842,45,12127,9283,65,228924,178428,107,7.73162
264716,200284,116,109083,83324,105,3731,2878,36,6993,5483,51,16442,12648,79,30028,22333,107,618144,486084,123,7.73762
129230,114129,88,47756,40890,85,1953,1818,24,3764,3258,36,8513,7618,51,15523,13991,73,302678,269374,103,7.74863
109946,106560,90,33693,33102,79,1469,1427,16,2398,2684,27,5952,5845,41,10699,9955,61,200340,193103,98,7.75264
104405,100602,95,41265,40424,80,1180,1333,12,2465,2077,28,5204,4953,39,9548,8616,55,180932,169323,98,7.75564
190677,160435,96,58876,47175,96,2351,1931,26,4603,3578,43,7983,7106,51,14052,11120,70,283388,240115,113,7.75764
117051,110661,88,26690,25430,79,1999,1825,22,2961,2963,30,7455,6866,44,13965,12522,68,285320,277396,99,7.76065
100337,97566,81,46608,45727,80,1254,1216,13,3163,2731,31,6218,5925,44,10677,10194,47,235578,226088,97,7.76165
100245,97715,86,19614,18886,57,1447,1202,12,1898,2227,21,5740,5552,41,10143,9572,59,206081,194986,97,7.76365
130492,112932,90,46213,38527,87,1632,1512,19,3454,2629,40,6699,5640,49,13481,11897,65,276476,243544,104,7.77266
184853,150240,110,58629,47091,91,2194,1733,27,3624,2798,35,8147,6956,53,13374,11179,68,290636,242721,110,7.77366
233656,166204,115,80771,57275,107,2578,2108,29,5903,4458,46,12202,9150,61,19690,14453,79,431621,316324,126,7.77767
188815,153642,105,64057,51206,100,2586,2015,28,4514,4054,38,10572,8734,56,19798,16413,80,397476,350260,118,7.77867
79421,79486,82,19739,19675,59,1175,1123,8,1919,1685,19,3455,3736,34,6618,5838,44,135182,127766,94,7.78267
115477,111880,88,36168,34966,80,1354,1432,15,2617,2517,31,5649,5306,41,11125,10943,57,210092,200428,98,7.78668
79995,78297,81,33175,32707,76,1062,1208,9,1914,2085,19,4252,4077,35,7658,7478,49,155295,147681,91,7.79469
104364,100482,87,21515,21038,61,1472,1492,18,2546,2557,25,5608,5521,40,10052,9527,53,208829,201500,98,7.79969
100775,97026,83,36173,35530,79,1425,1369,17,2469,2636,27,6198,5712,43,11250,11113,61,224476,217532,97,7.80269
182137,152214,106,56793,47290,93,2378,1963,26,4507,3927,40,8988,7575,49,14109,12303,63,329127,282995,111,7.8047
99062,94256,86,26965,26643,77,1695,1782,18,2892,2884,29,6708,6432,44,10949,10315,54,237259,231331,97,7.8077
178831,142336,102,51782,39979,96,2290,1805,28,4595,3909,40,8099,6685,51,13432,10893,70,274929,221232,113,7.81271
58990,59027,76,22027,22103,60,760,574,0,917,1175,10,2295,2386,27,3795,4078,31,92395,89364,91,7.81371
180504,157244,95,56959,50340,90,2278,2204,24,4289,3744,40,9432,7618,56,15362,12927,72,323299,269142,109,7.82172
103557,98718,90,36555,35377,80,1182,1151,12,2339,2243,25,5377,5058,41,9326,9109,59,191527,182432,98,7.82772
115366,112248,83,26750,26023,80,1601,1512,17,2447,3146,26,5981,5671,43,11550,11738,58,239743,232501,99,7.83273
137703,117128,91,55111,46760,89,1867,1460,21,3367,3584,34,7309,6430,48,12939,11801,57,281595,251097,106,7.83373
102945,100440,83,43922,42691,81,1200,1334,14,3407,2668,32,5293,5191,40,8203,7859,52,181883,172355,98,7.84474
149867,129909,94,56682,49043,87,1506,1540,18,3856,3276,45,7787,6863,53,13060,11747,59,270489,243978,104,7.85375
151293,124693,93,57918,48132,91,1802,1506,20,3209,2806,36,7378,6003,53,12057,9498,65,262939,225454,106,7.85375
240654,183837,113,76460,59848,108,3191,2555,33,6249,5238,42,12916,10303,68,22499,17706,80,470242,384369,125,7.86076
99726,95512,97,30889,30721,78,1178,1253,11,2554,2206,29,5725,6105,39,10845,10646,66,229562,219013,97,7.87177
124392,116631,88,50787,48092,84,1607,1573,19,3088,2819,28,7102,6921,46,11413,10354,65,246777,226695,102,7.88378
105227,100796,92,40712,39491,80,1649,1856,18,3470,3379,36,6794,6192,47,12164,11469,69,249178,242727,99,7.88879
100275,97728,85,49093,48133,79,1686,1409,19,2969,2704,32,6437,6213,44,12279,11023,66,240725,236191,97,7.8938
163411,143851,100,48487,39921,91,1994,1625,23,4083,3324,39,8740,8026,50,14621,13217,66,303718,266264,107,7.8968
122559,118535,86,36824,35266,81,1774,1834,21,3670,4231,30,8263,7521,55,14624,13192,73,314657,294479,100,7.91081
102066,100207,83,26659,26632,77,1327,1357,13,2780,2497,29,6342,5789,45,12275,12539,56,243543,233165,97,7.91282
67349,66396,88,25087,25019,74,887,929,0,1465,1367,20,3360,3380,31,5610,5865,39,111855,112603,92,7.92383
97749,95048,88,34597,33732,78,1321,1452,13,2686,2302,28,5252,5130,39,9516,8982,52,204342,197264,96,7.93684
69676,69094,79,33518,33276,75,726,829,0,1592,1373,16,3414,3469,32,5361,4998,38,108012,105809,93,7.94485
84484,81663,90,33252,32603,77,989,1427,13,2215,2110,25,4923,4623,44,8611,8267,52,176520,171435,95,7.94686
83154,82893,77,40375,40212,77,663,895,0,1729,1733,20,4454,4186,37,7589,7532,44,164186,162860,93,7.95486
110690,100339,88,53737,50980,82,2443,2106,27,4698,4657,39,10991,10441,53,18692,17221,84,404877,377678,100,7.96888
296772,240168,112,131645,104997,111,4753,3871,39,9232,8145,51,19002,16042,74,32586,27735,110,676063,585754,127,7.96888
92150,88699,96,31020,30302,77,1299,930,0,2091,1987,25,4180,4304,36,7540,8031,45,160933,155217,96,7.97188
194686,146452,99,74219,56023,95,2530,1976,28,4723,3371,43,10352,7599,64,17459,12727,82,380404,288368,113,7.97589
57439,58756,78,21224,21051,64,739,906,0,1272,1581,15,2812,2599,30,5917,6104,40,123011,117321,90,7.9839
65169,64861,78,19331,19181,55,658,845,0,2112,1520,21,3412,3267,33,5919,5647,46,124917,121503,91,7.9859
149473,129145,92,59238,50751,90,1749,1595,20,3573,3079,39,7687,6883,50,13069,11750,66,270450,251463,106,7.9859
118956,108414,84,44744,40867,84,2129,1541,24,3480,3305,35,7287,6514,52,12467,11793,59,280743,261504,100,7.99691
86239,85619,93,21054,20937,61,1534,1554,16,2313,2158,24,5873,5504,43,9869,9075,56,209026,202693,95,7.99891
222666,178243,100,100257,81607,97,3437,2664,34,5657,4572,46,11547,9752,58,21282,18016,96,435215,374060,115,7.99991
127218,116939,90,50878,47153,85,1554,1473,16,3328,2967,34,6125,5587,43,10601,9300,57,221146,206917,103,7.99991
215834,161743,104,81547,61604,97,2337,1643,28,4525,4067,43,10488,8185,58,18945,14647,88,395380,304465,116,8.00292
86481,86189,79,24109,24118,58,1106,963,0,2234,2040,26,4950,4791,39,8634,8526,54,176464,171523,95,8.00292
186225,147220,97,66489,51154,95,2577,1785,28,4891,3890,46,11067,8801,61,19255,15171,79,418631,327878,113,8.00993
173985,138516,97,65575,52785,93,1934,1608,22,3366,2701,35,8483,6712,54,13946,11619,66,315027,254326,112,8.00993
145591,127945,94,52757,46093,87,2388,1913,27,3611,3492,37,8659,7682,54,15385,14241,67,333606,292374,105,8.01293
195230,148009,111,75353,56854,97,2651,1591,32,4117,3126,39,10123,7424,58,17055,12985,84,357311,272166,114,8.01593
173107,149277,93,65914,56960,91,2556,2115,27,4803,4098,42,9860,8994,59,16107,14111,69,334809,302492,108,8.02394
235953,191710,102,82826,68250,101,3446,2996,32,6435,5499,45,14242,12239,67,22316,18344,81,496237,423313,119,8.03095
152234,126599,90,59790,49404,90,1940,1564,21,3945,3432,37,7581,6159,51,13395,11922,60,286089,240770,107,8.03796
135672,127812,85,65215,60712,84,1741,1686,20,3996,3488,37,7692,7203,45,13547,12377,68,276288,260349,101,8.03996
165865,140322,94,49127,40541,88,2142,1869,24,3137,2534,37,8476,7342,53,14631,13075,73,312484,274808,108,8.04997
209164,154111,108,79136,59107,99,3106,2113,34,5106,3827,43,10947,8533,62,20163,15391,84,435979,317851,117,8.05798
98616,93427,87,30115,28121,84,1139,1227,10,2326,2464,24,5375,5182,38,8458,8231,49,188399,175207,98,8.05798
223218,187722,101,81460,67528,98,2892,2294,30,6343,5698,44,12401,10701,60,20517,17546,84,454413,406596,116,8.05898
159386,124882,101,54262,42476,93,2338,1765,25,3080,2526,38,8643,6886,53,14387,12754,68,311263,256752,111,8.06499
148534,129398,98,60992,53982,90,1998,1869,22,2921,2449,28,6822,6196,47,11853,10563,59,243184,223087,107,8.06599
227439,171758,100,92797,68898,100,2691,2139,31,5067,3948,50,12490,9022,68,20904,15142,80,447077,343510,118,8.06599
139967,115619,93,51503,41381,87,1756,1565,21,3251,2586,36,7650,6728,50,14150,12450,66,295563,254904,106,8.07199
162598,135353,96,47146,38418,92,2458,1745,28,3545,3187,34,7608,6449,49,12867,10657,70,278684,240318,110,8.074
132297,121639,90,63542,58893,85,1764,1607,17,3474,3206,34,8126,7529,55,12921,12095,62,277927,255128,102,8.08301
106177,103042,82,54630,52803,83,2266,1786,26,3373,3176,32,7625,7031,45,12683,12251,63,263049,251350,98,8.08701
103877,100843,83,39524,38335,79,1411,1334,15,2405,2445,24,5712,5918,39,10126,9511,57,203688,192878,97,8.08901
158364,139762,93,49143,43237,90,2032,1791,25,4145,4271,31,8920,7555,59,14635,12803,73,307906,285587,107,8.08901
175846,138319,95,64496,50159,93,2337,1875,27,4153,3143,41,9187,7375,55,15920,12087,76,354182,277563,110,8.09302
152418,124153,101,52862,43891,90,1544,1387,21,3070,3003,36,7251,6000,51,12237,10817,57,268694,224830,109,8.09302
219430,155838,100,69299,49970,98,3279,2677,32,6230,4822,51,13516,10198,63,24174,18089,103,485649,351000,117,8.09302
207015,152881,102,70022,52274,99,2615,1811,31,4947,3500,43,10597,7836,66,16636,12962,73,370074,282795,117,8.10804
98060,95865,80,29637,29189,77,1383,1237,14,2341,2019,28,5423,5215,40,9020,8786,52,197255,188265,96,8.11504
114431,110550,82,29533,28771,79,1585,1627,18,3423,3086,35,6519,6139,43,12084,11728,61,257277,240760,98,8.11704
174218,143147,102,46685,37712,93,2280,1847,26,4007,3227,39,9184,7614,53,14842,13235,64,329083,286380,113,8.11805
102506,96620,91,41025,39872,81,2021,1655,23,3677,3231,35,7701,7421,47,14241,13554,64,304694,291920,99,8.13607
113458,107221,87,43241,42053,82,1598,1627,17,2898,2714,31,5714,5732,41,10103,10012,53,222485,205469,101,8.14007
138363,125130,89,51347,45935,86,2192,1754,24,3641,3295,35,9305,8896,51,15574,14428,70,330045,312090,104,8.14307
147345,141251,87,60465,57533,85,2665,2572,28,4589,4237,38,9429,8718,50,16844,15422,71,346151,319294,103,8.15609
77904,77427,77,32165,31542,75,1139,1244,11,1898,2090,21,4624,4383,38,7799,7590,47,171716,166118,93,8.1671
183702,151466,100,59286,49002,93,2794,2551,27,4722,3620,38,8643,7498,53,15198,12883,74,347167,297842,112,8.1681
102177,99908,83,45245,44348,80,1038,1306,12,1982,2183,22,4549,4498,36,8038,7947,50,165057,157680,98,8.1691
113001,109114,85,41211,40112,80,1251,1167,10,2435,2557,26,5772,5680,41,10459,10311,56,214197,208463,98,8.18011
173127,141465,97,60509,48888,92,1981,1640,22,3473,2524,39,8888,7506,51,14913,12259,76,302784,241860,110,8.18712
135154,111613,91,49392,39935,89,2084,1618,23,3720,2851,38,6743,5724,46,11238,9216,62,238782,190643,106,8.18712
69346,67320,76,23641,23682,64,1020,1099,6,1987,1900,21,3963,3856,34,6762,6492,43,131478,128229,92,8.19113
88310,84946,83,30427,30449,78,1244,1116,9,1772,1778,21,4407,3699,41,7621,7784,45,160350,153475,97,8.19613
101987,96628,81,41548,39217,81,1462,1389,16,2769,2441,32,5760,5527,41,10178,9175,62,207707,202973,98,8.19914
246512,184979,106,99267,77295,103,3087,2271,34,6258,4567,50,13357,9782,67,23837,17075,104,498916,386799,120,8.20014
107188,105635,80,33663,32722,79,1678,1507,18,2440,2079,25,5975,5818,43,8988,9119,53,204539,193438,97,8.20514
57603,56587,77,21138,21348,61,581,511,0,961,1286,10,2699,2691,28,4773,4873,39,87069,87800,91,8.20614
105350,101514,88,36408,35219,79,1891,1849,22,3741,3199,36,7831,7619,48,13318,13118,65,282019,268679,98,8.24218
157386,124982,98,60028,47367,92,2608,2060,30,4039,3815,42,9721,7595,64,17685,13895,76,359563,282976,110,8.24218
154975,139855,96,61127,54449,87,2826,2684,28,4193,4587,34,10220,9521,59,18500,16374,77,365965,340842,105,8.24218
112814,109323,85,27372,26436,80,1534,1784,19,3025,3333,31,7657,7261,48,13536,12553,62,290280,278943,99,8.24319
147939,137112,88,55042,52120,85,1683,1668,20,3670,3239,33,7069,6758,43,12790,11926,67,263877,247681,102,8.24719
123748,109441,89,50220,43718,86,1449,1329,16,2491,2238,27,6439,5770,46,10623,9467,60,236945,216888,104,8.25119
121688,117434,83,38699,37755,81,1943,1607,21,2820,2449,29,6170,6113,41,10183,9308,56,237661,228052,100,8.2602
85400,85155,79,29511,28683,77,1353,1275,13,2221,2177,28,5123,4738,40,8272,7848,50,180282,170510,95,8.26421
81365,78583,87,33137,32762,77,765,853,0,1658,2052,20,4267,4210,38,6979,7396,44,165063,157469,95,8.26521
84790,82418,83,36895,36007,78,1257,1274,14,2077,1886,25,4444,4436,38,7816,6965,48,163494,156584,94,8.26721
122599,112339,88,49703,45879,83,1644,1553,21,3466,3137,35,7697,7218,50,13592,12771,61,296676,274954,101,8.28323
109928,107498,84,30364,29378,79,1517,1760,19,2362,2407,29,5505,4999,40,9322,9209,58,184522,176564,97,8.28423
154486,133523,93,56674,48171,90,2170,1760,24,3652,3015,36,7513,6420,50,14386,12455,71,288403,256202,107,8.29424
192119,161469,97,68019,57043,94,2792,2360,29,5173,4414,39,11739,10222,57,20224,16761,85,391551,340882,110,8.30125
224500,178709,100,88523,71701,99,3293,2933,30,6273,5153,46,12659,10430,65,21918,18583,87,451026,385844,116,8.30225
129764,119090,88,50442,45625,85,1709,1435,21,3469,3377,33,6615,5942,44,10906,9558,67,243854,225275,102,8.31927
72130,71073,80,19179,19102,54,1025,1100,8,1869,1884,23,3756,3655,33,7375,6523,50,153313,149157,92,8.32027
268018,199038,117,97392,72093,109,3991,2995,39,7751,5380,49,14506,10811,72,24871,19096,108,526509,418663,127,8.32127
119308,111579,87,41401,38105,83,1602,1573,17,3092,2780,30,6520,6195,44,12037,10728,62,233642,220727,99,8.32127
84596,83396,81,30485,29829,77,1104,1342,14,2614,2432,25,4364,4316,38,8180,7738,50,173605,163816,95,8.3473
128668,120797,89,44531,42533,83,2095,1823,24,4031,3262,38,7095,7002,45,13081,13178,61,276314,255719,102,8.3483
256681,183778,113,116062,88341,110,4137,2781,38,6896,5155,54,12981,9848,68,23368,17550,98,480842,359456,128,8.35231
84851,82837,80,30148,29826,76,1140,1000,1,1688,1358,18,3970,3849,35,6548,6194,44,142044,137373,94,8.35431
104405,100598,95,61355,60163,81,1551,1576,18,2923,2944,28,6546,6290,47,12413,11887,58,262385,249339,98,8.35531
114325,108608,83,40694,38856,82,1342,1513,15,2382,2585,28,5951,5563,44,9882,9419,53,205100,192942,99,8.35731
143780,124380,90,53779,45408,89,1943,1333,19,3095,3143,30,6871,5951,48,12284,9976,68,257916,228793,105,8.36132
45074,46300,73,17797,18063,54,631,569,0,769,724,0,2005,2116,22,3706,3606,32,85369,85125,87,8.36532
110198,102966,90,40237,37572,82,1410,1368,15,3178,3668,29,7142,7233,42,12029,11638,53,263090,245581,99,8.36732
98518,96073,81,20806,20670,59,1258,1082,13,3259,2882,32,6233,6223,42,12200,12128,54,251239,247150,97,8.36732
209767,163527,100,77395,60774,98,3253,2386,33,4307,3695,42,10560,8379,62,18204,15086,75,391729,312059,115,8.36833
114475,107242,87,50557,49162,83,1701,1381,17,3177,3461,30,7227,6853,44,11579,11454,56,260624,239238,101,8.37533
101203,94629,98,22809,20780,82,1649,1519,17,2864,2423,32,5599,5081,42,9783,9387,51,191363,179377,98,8.37533
202311,156140,103,65529,49343,95,2422,1734,27,4919,3735,46,10116,8097,59,17012,13086,72,360864,287309,113,8.38034
199466,145585,106,78573,62106,102,2492,1715,29,5101,3544,41,10656,8118,59,17505,12411,80,351631,267182,120,8.38334
94728,92745,82,39913,39503,78,1273,1393,14,2648,2759,29,5957,5952,44,10568,10751,54,213029,204042,96,8.38835
174690,142425,108,71004,58334,96,1951,1790,20,3891,3268,41,8501,6768,59,13656,11515,72,318089,258182,112,8.39235
77346,80190,76,33552,33391,75,940,993,0,1906,2155,21,4108,3969,35,7357,7133,46,152512,147831,92,8.39936
86693,85849,88,35480,34139,79,1122,1207,10,1986,1753,25,4605,4562,37,8351,7628,54,163095,157543,94,8.39936
84704,83014,81,30426,29979,77,691,796,0,1570,1432,20,3883,3832,36,6579,5981,51,133638,127959,95,8.40236
180849,146840,109,56497,44925,92,2324,2073,23,4518,3541,44,9399,7772,61,15424,12817,67,330722,285323,112,8.41037
88471,86540,78,30395,29938,77,1242,1346,12,2866,2361,28,5166,4626,45,8856,8845,57,185600,174243,95,8.41037
71424,70324,80,24872,24754,68,1014,921,0,1548,1355,13,3423,3473,31,5362,4542,41,112597,109067,93,8.41137
60094,61317,75,22210,22575,63,724,715,0,1418,1570,15,3198,3171,31,5365,4948,43,110585,110041,90,8.41137
224199,185399,101,102705,86314,99,3028,2434,30,6525,4983,50,14331,11844,69,24266,21222,100,514929,441366,116,8.41337
101299,100286,81,30892,31195,75,1401,1206,13,2524,2257,28,5301,5224,38,9434,9415,57,196024,189239,97,8.41337
189061,141038,101,74065,55070,96,3114,2260,33,4921,3660,42,10841,8281,56,18986,14570,76,404969,304044,114,8.41538
244636,177316,115,78574,55864,110,3343,2364,33,5749,3962,50,13154,9352,71,22219,16566,80,498024,366226,128,8.41738
57524,58323,77,25190,25359,72,544,578,0,1218,1274,16,2307,2509,25,3778,3906,32,87470,86164,90,8.4394
121743,115808,94,46252,43869,82,2020,1942,21,4550,3881,45,7304,7012,49,13005,11991,64,287750,269664,101,8.4404
144258,124431,90,63493,53927,89,1401,1328,12,3133,3045,35,7673,6862,48,15091,13251,69,299763,259863,107,8.44841
108797,106366,83,37074,36022,80,1010,1086,8,2121,2220,25,4418,4179,37,7611,7526,42,161585,153022,99,8.44942
154925,131483,92,51976,44864,90,1806,1690,21,3524,3315,37,7714,6549,48,12555,11108,56,251081,219638,107,8.45342
181048,138926,96,67189,51740,94,2289,1780,29,4747,3843,43,9407,7219,55,15563,11751,79,329948,259325,112,8.46443
141209,125700,88,54388,48849,87,2099,1605,24,4710,3669,39,8955,8175,50,16057,14370,70,334152,299988,105,8.46443
88686,85937,87,23248,22923,69,1301,1002,1,2329,2476,24,4982,4845,38,6838,6612,43,147540,141759,96,8.46844
63326,60950,78,22051,21699,68,642,708,0,1189,1131,9,2763,2796,28,4860,5269,38,131707,128847,92,8.48245
91227,89624,81,32941,32060,78,1147,1066,7,2322,2108,26,4933,4690,40,9532,9211,55,187159,182628,96,8.48445
115522,108158,95,49192,46378,82,2115,2094,22,3658,3262,35,7849,7958,47,12822,11757,64,284984,271484,100,8.50448
152878,130102,89,39586,32730,87,2076,1754,24,4069,3877,34,9094,7554,55,15513,13187,63,326625,292202,107,8.50648
100197,98008,81,30744,30147,78,1701,1769,21,2722,2748,27,5300,5330,40,8000,7505,49,194103,183374,97,8.51649
139061,127892,90,55625,51272,87,2018,2210,24,4282,4079,35,9888,8843,58,18553,17719,77,390960,367100,103,8.53251
150492,124065,91,56245,45509,91,2081,1726,27,4184,3344,36,9196,7473,58,16679,14196,75,341402,290003,107,8.53751
138351,113511,96,47258,37667,90,1686,1311,20,3414,2746,34,7117,6088,50,13003,10050,74,296167,254262,107,8.54452
107545,102455,88,51187,49643,83,1278,1151,13,2877,2617,28,5034,4902,38,9489,9099,54,180561,170780,99,8.54752
94377,91868,83,30614,30351,77,1655,1650,17,2742,2440,26,5856,5743,40,9806,9748,53,217065,208407,97,8.55053
85969,84140,82,31777,30724,77,997,1171,9,2442,2142,27,4726,4771,36,8813,8037,52,186563,181001,96,8.55553
208339,181016,96,84692,75579,91,3850,3220,34,7389,6679,47,15519,14021,70,26450,23269,95,561166,517882,110,8.55653
107688,102013,84,34711,32540,82,1849,1602,18,2602,2336,27,5326,5120,38,9315,8590,56,181888,177784,99,8.56154
182597,147468,97,67795,54281,93,2752,2329,28,4095,3608,37,9288,7839,56,16265,13126,72,325304,269955,112,8.56755
60318,57336,87,20042,19119,58,746,618,0,107254,100076,91,5844,5202,44,1269,999,0,391,758,0,8.56855
40555,41163,71,10836,10967,43,678,738,0,613,638,0,1897,1985,23,3454,3890,30,75560,72634,86,8.58156
150205,126931,94,57801,49161,88,1735,1793,18,3147,2701,32,7412,6551,46,14351,11631,72,289705,256591,106,8.58457
166297,125366,101,63579,48560,94,2537,1832,28,3808,2764,45,9383,6968,67,16144,12261,74,355489,276484,111,8.58457
166315,134673,110,49527,40001,91,2415,1933,27,4335,4078,36,8262,6933,54,16063,12937,70,330424,278658,110,8.59958
94242,91330,95,38881,38190,78,980,1022,4,2242,2228,26,4677,4781,36,8153,7885,54,170629,163296,95,8.60659
90966,88191,83,35462,35236,78,1326,1280,13,2013,2002,25,4538,3972,37,8682,8083,58,170538,161470,96,8.60759
157630,126025,92,64538,52193,91,2051,1805,23,3503,2611,38,8383,6443,55,14756,12168,70,317980,251558,109,8.6186
140653,131364,89,61266,57519,84,1865,1787,23,3637,3534,35,7435,7157,49,12599,11797,60,275521,256786,102,8.61961
210403,152036,104,78144,55879,103,2705,1827,30,4727,3617,41,9919,7538,56,15406,10640,73,362580,261258,120,8.62161
183962,140949,96,68102,51397,95,2865,1967,35,5222,4082,43,10472,8071,60,19427,14382,75,407736,326437,113,8.63762
153022,125975,101,71925,61354,89,1607,1656,19,3651,2776,37,7602,6635,49,14509,12262,66,293312,248197,107,8.63963
204644,155664,103,71111,55658,97,2468,1823,27,4584,3535,45,9696,7866,57,16804,12956,70,350132,268587,115,8.64063
101892,101081,87,41066,39972,79,1286,1373,14,2486,2758,25,5230,5304,38,9036,8597,51,183730,176815,97,8.64063
144266,125665,90,57123,48734,89,2214,1726,25,3088,2995,31,7796,6881,51,13749,11474,73,298570,266805,106,8.65164
98513,97540,82,41205,40497,78,1111,1108,8,2133,2118,25,4735,4928,36,7928,7847,48,167980,157175,96,8.66165
99770,98319,84,27124,26748,77,1773,1701,19,3291,3179,33,6408,6141,47,11271,11412,63,238499,228979,96,8.66866
108623,103763,84,31861,30638,81,1554,1525,18,2513,2687,23,6474,5943,45,12601,12465,63,247905,234735,100,8.67266
116659,110251,97,50987,48220,83,1488,1454,17,3262,2875,31,6180,6052,45,10781,10227,56,236963,223365,100,8.68167
153424,121164,96,56452,44776,91,2196,1761,25,3567,3172,35,7731,6301,53,12516,10573,70,271758,221655,109,8.69168
207869,162969,102,103766,85794,98,4163,3355,35,7313,6785,48,15760,13484,71,26216,22311,91,547543,481352,115,8.69168
284921,188747,121,100474,65962,119,4411,2669,38,6659,4835,50,16098,10697,73,28820,19969,110,616082,407092,138,8.69269
176769,132595,102,61565,45958,97,1640,1257,19,3979,3134,39,8263,6183,52,13449,10131,65,336436,255691,115,8.69369
109333,104432,84,26159,23798,81,1102,1094,7,3009,2449,28,5084,5384,36,8940,8789,50,193256,177929,99,8.69969
96833,95044,83,30074,29609,77,1339,1245,14,2404,2421,29,5776,5435,40,9568,9174,62,200251,192868,96,8.7027
192347,168058,95,117415,104893,93,2867,2213,29,5058,4030,45,9712,8618,56,16622,15331,71,341598,317895,108,8.7067
95538,92333,89,27611,27583,77,1732,1529,18,2381,2075,28,6121,6120,45,11626,11232,59,234592,224501,98,8.72873
149037,125763,91,44621,36719,89,1737,1460,20,3304,2817,34,6849,5764,48,10987,9575,55,237505,201489,106,8.73674
91524,90591,79,16993,16674,50,1397,1633,15,2673,2686,28,5476,5699,38,10302,10127,50,196211,193802,93,8.73674
83447,81135,80,34011,33550,78,1152,1077,6,2026,1904,18,4627,4458,38,7430,7262,45,161763,154275,95,8.74775
237220,195759,106,128896,109364,105,4509,3614,37,8691,7524,52,18255,15269,77,32051,26768,110,679250,603899,122,8.75075
100356,97753,83,34127,32923,79,1199,1124,9,2168,2149,26,4759,4562,38,9255,8803,51,187574,174872,97,8.75375
122269,116185,84,48463,45499,82,2473,2130,24,3272,3180,33,7498,6988,46,14018,12754,68,279024,263545,100,8.76176
123751,115568,87,48304,44231,83,1793,1426,23,2901,2837,32,6427,5594,47,12375,11279,65,240619,223838,101,8.77878
141056,126785,90,39763,35296,85,2044,1697,20,3346,2812,31,7932,7054,51,14996,13525,69,301485,275424,105,8.77878
197061,148520,117,67939,50419,117,2568,1769,30,4981,3778,46,9642,7315,64,17558,12182,80,361815,282534,117,8.77878
110807,107349,83,30988,30324,79,1271,1288,12,2499,2282,26,5386,4665,44,8565,8134,51,184110,172183,98,8.77978
154353,126598,96,52962,43991,92,2235,1853,26,3686,3143,36,7882,6965,49,13894,11751,73,288462,248871,110,8.78179
117750,102313,87,33197,27861,87,1510,1235,11,2610,2312,30,6108,5147,46,10796,9240,60,239424,205476,103,8.78179
95388,91603,85,33798,32206,79,1661,1597,18,2990,2712,29,5569,5160,41,10371,10088,63,216000,209204,97,8.78579
119327,113841,99,38169,37201,81,1766,1754,20,3293,3215,32,6889,6533,44,11637,10595,64,241793,229953,99,8.7968
96858,96233,77,26472,26224,76,1399,1508,17,2199,2325,27,5230,4909,41,9183,9501,53,184993,178674,95,8.7978
94984,94642,78,28817,28583,77,1172,1278,12,2408,2770,26,5453,5388,40,8782,8883,51,190564,184916,95,8.80381
132740,122302,89,44476,40677,86,1493,1511,17,2827,2562,31,7193,6928,44,12588,11204,69,264562,247391,103,8.80781
133508,125130,84,45647,42912,82,2025,2001,22,2994,2805,32,6979,6349,46,12417,11706,60,245114,238119,101,8.80781
247424,188280,110,95290,73954,106,3418,2360,34,6315,4723,44,13193,10414,71,20229,16495,75,443420,355407,124,8.81282
106150,103969,81,40863,39516,80,1170,1456,15,2842,2574,29,6835,6763,43,12222,11480,66,261623,249753,97,8.81682
104631,102635,85,32196,31793,78,1480,1568,19,2808,2725,32,6555,6139,42,12388,12238,64,260799,256294,96,8.82283
173583,149026,94,63846,54845,90,2606,2061,28,4039,3325,40,9098,7975,52,14718,12893,70,311770,280284,108,8.82483
115973,112355,92,39383,38289,81,1882,1892,22,2756,2579,27,6733,6521,43,11461,10519,63,220151,205920,99,8.82684
174007,148898,105,66084,56859,90,2187,1863,25,4567,4015,40,10260,8587,56,16986,14663,74,364320,325426,107,8.83184
53828,53034,79,20251,20410,61,843,714,0,1441,1118,10,2341,2574,25,4595,4423,41,90894,87522,89,8.84085
132264,114636,87,54858,46800,87,1409,1371,14,2960,2334,37,6678,6074,45,11208,9928,59,237401,207179,103,8.84185
111578,107204,85,49973,48640,81,2211,2147,24,3744,3337,37,7740,7584,44,13057,12513,57,296386,275799,99,8.84486
252378,205103,114,110709,91040,112,4301,3654,34,7712,6153,51,17214,13499,69,28770,23962,108,621940,497508,130,8.84786
105470,93090,88,46472,40719,84,1392,1175,18,2573,1949,26,4636,3957,39,8655,7628,57,180254,161094,101,8.86588
202276,173286,105,107861,93182,110,2830,2411,29,6624,5800,49,12800,11952,62,22173,20488,87,452614,415339,110,8.86588
169366,155256,90,62870,57600,88,1917,1990,22,4616,4030,42,8793,8144,50,16487,14523,70,349081,316856,105,8.86888
106345,95023,93,46052,41292,84,1505,1300,17,2256,2333,28,6078,5343,43,10951,9723,60,240694,218312,100,8.8819
143001,120748,93,60647,51262,90,1737,1320,18,3686,3079,36,7544,6302,48,11984,10019,60,261405,223900,106,8.89091
170940,152083,91,63118,55916,90,2559,2217,25,5270,4623,43,10960,10265,57,18968,17131,86,390198,365528,108,8.90292
229468,178238,105,95008,75171,101,3149,2338,33,5868,4814,42,11537,9751,60,19985,16516,75,434936,367949,119,8.90592
172221,139328,95,50187,40151,92,1864,1608,25,3594,2772,37,8354,7210,53,14630,12700,68,308979,255596,110,8.90592
214611,164038,105,84409,65763,100,2543,1834,31,5582,4023,46,12180,9750,62,21849,16842,98,463750,359277,118,8.90893
118712,107890,94,40925,37344,84,1586,1253,15,3319,2753,34,6077,5551,43,10677,10074,63,231656,213165,101,8.91994
164052,126795,100,61782,47850,94,2194,1654,28,4516,3341,42,9086,7062,60,17304,13556,75,341366,264454,112,8.92294
85548,83863,82,22156,21994,60,861,1096,7,2296,1918,24,4926,4729,37,8791,8647,55,176485,174002,95,8.92895
142558,122257,89,51921,44779,88,2169,1641,25,3875,3374,38,7538,6728,48,13144,11062,64,280392,253166,105,8.92895
118143,111127,87,44436,41135,82,2084,1924,21,3802,3532,33,7282,6951,48,13442,12588,68,276461,256969,100,8.93195
100257,97446,82,36512,36065,77,1676,1660,18,2782,2447,29,6519,6177,44,10477,9842,60,237482,228864,96,8.93295
143831,124585,92,56451,50148,88,2091,2085,23,3043,2984,31,7761,6862,47,13005,12500,60,271129,240152,106,8.93696
105540,103735,81,23525,23442,62,1816,1691,18,2680,2626,27,6454,6245,46,10374,10638,52,241897,232106,97,8.94497
109614,108699,82,31291,30848,79,1543,1373,17,2977,2652,29,6069,5576,47,9641,8462,59,221463,212230,98,8.94797
142173,122675,95,47526,40546,90,2259,1993,24,3295,3001,30,6724,6239,48,11566,9999,60,246885,215810,107,8.94897
163591,134292,94,60189,49608,91,1947,1632,27,4288,3530,41,8507,7142,49,16236,13126,72,340614,285550,109,8.95698
134140,116986,97,48637,42997,86,2124,2041,22,3423,3239,35,8025,7190,54,12998,11357,62,275174,246728,104,8.96699
120503,112576,85,58615,55132,84,2276,2247,24,3876,3723,36,8681,7833,54,15654,14900,70,314582,283964,100,8.98001
107081,106825,81,26620,26492,77,1473,1405,17,2814,2645,31,5875,5931,39,9650,9284,51,228911,219996,97,8.98201
117137,109546,87,44709,40938,84,1965,1839,23,3085,3073,30,7027,6325,50,11820,10758,67,257644,242653,100,8.98201
145725,118385,96,49744,39756,92,1861,1608,22,3530,3075,37,8182,6817,52,14109,12026,68,303045,246738,109,8.98701
85306,83382,84,33333,32652,78,942,920,0,1589,1589,21,4893,4885,35,9473,9838,49,197827,191423,95,8.99102
109181,107424,86,30984,30623,79,1410,1267,18,2579,2201,30,5782,5673,41,9478,9160,57,201310,192659,98,8.99102
183384,165770,92,67393,60375,91,2821,2764,27,5953,5230,40,12421,11424,61,22765,22066,83,458434,421089,107,8.99402
185359,151105,110,69973,57888,95,2259,1890,28,5092,4079,44,9874,8239,59,16045,12939,74,333377,281795,113,9.01505
126414,105816,92,46996,40155,87,1407,1064,9,3204,2459,34,6491,5781,44,11256,9124,60,238670,197818,105,9.01505
101972,100197,85,39074,38654,78,1897,1744,21,2589,2512,34,6287,5864,42,11621,11116,59,234018,220675,96,9.01605
187819,159687,98,73934,63280,94,2622,1948,30,4739,4006,38,9279,7782,53,16965,15658,67,344889,308212,110,9.02005
123573,119239,85,73853,71373,83,1910,2038,21,2756,2947,27,6417,6239,43,10916,10657,57,227460,215633,99,9.02105
106865,102142,85,35748,34671,81,1288,1338,12,2818,2694,26,5836,5346,40,10332,10249,54,213614,203165,100,9.02906
188165,144847,99,64059,47643,96,2389,1906,29,4040,3349,39,9699,7658,63,17980,13285,79,378713,294478,114,9.04308
190684,155360,96,78904,65256,93,2542,1852,30,4362,3320,40,9434,7473,60,16658,13349,74,348834,289654,110,9.04808
112775,102961,99,31512,27514,99,1466,1237,14,2579,2152,27,5122,4511,41,8198,7035,53,198850,181645,99,9.04808
133599,114820,91,58984,50611,88,1693,1239,17,3225,2711,31,6233,5551,44,10569,9236,57,230996,205729,104,9.05209
123947,117969,86,35580,33308,81,1576,1545,17,3263,2954,33,7264,6555,47,12132,11606,56,267098,250890,101,9.05909
127748,109260,88,45761,38789,87,2033,1532,25,2986,2536,32,7016,6121,47,11779,9849,64,253806,214537,104,9.0631
211694,157123,102,76569,56973,98,3163,2336,34,5250,3717,47,10802,8378,62,18891,14754,81,392146,305344,116,9.0631
104086,98675,98,40744,39454,80,1119,1050,6,2508,2145,24,5568,5112,39,9182,8312,57,201061,190272,98,9.07011
167706,138872,96,50001,40029,92,2627,2157,26,4199,3645,38,8821,7305,52,15391,12527,69,319598,267195,110,9.07111
98663,92807,94,31829,31339,79,1241,1348,13,2636,2733,26,5691,5668,41,9371,8840,50,193297,183477,98,9.07211
117664,114604,86,34294,33429,80,1797,1650,20,3087,3027,31,7663,7091,47,13066,12935,64,280702,263324,99,9.07712
87810,87337,79,32111,31809,77,1109,997,0,1756,1805,23,5402,5482,36,9566,9304,56,197231,185363,95,9.11215
114864,108665,83,43683,40353,83,1977,1674,21,3059,2792,33,5541,5440,42,9883,9203,66,201488,185264,99,9.12317
97789,94628,90,33305,32920,78,1313,1275,13,2321,2272,26,4400,4313,37,8295,7962,48,171477,164251,96,9.13118
170131,140068,98,44680,36246,93,1763,1452,22,3573,2975,36,7752,6707,48,13022,10968,67,282792,238959,110,9.13418
184841,161270,96,80310,70299,92,2794,2410,30,5471,4758,47,11529,10427,66,20250,18689,73,409543,375654,109,9.13918
239112,174446,109,96688,72392,102,3384,2332,35,5136,4205,48,12233,9048,68,23004,17603,96,456606,356848,120,9.14018
102539,86426,85,75668,65353,87,2852,2793,28,6931,6425,52,5402,4756,41,2846,2724,31,34507,32318,87,9.14018
75388,74801,77,22200,22485,58,1005,1034,4,1942,1845,23,2996,3099,29,5942,6921,37,114084,116238,93,9.14018
143661,120923,93,56668,45931,90,2391,2072,25,3132,2480,37,8178,6324,58,13978,12048,65,291306,245254,106,9.14819
65409,64588,75,21360,22021,51,692,928,0,1513,1864,18,3244,3532,29,5325,5579,38,123722,123369,92,9.1522
94072,90894,86,43257,42289,79,1321,1517,15,1743,1422,23,4921,4900,39,8564,8225,50,176145,165983,96,9.1532
172577,140375,97,53597,42587,95,2451,1882,28,4382,3555,39,9482,7822,56,17772,15664,75,387663,320002,112,9.16221
75419,73148,81,21505,21275,61,708,503,0,1082,1441,17,3136,3572,29,5035,5353,36,115619,112911,94,9.16621
157697,145248,88,67213,60671,87,1835,1889,20,3649,3168,37,7784,7106,50,13732,12063,67,292472,259725,105,9.17022
140624,121007,90,51517,43846,88,2195,1635,22,3117,3002,34,7177,5882,49,13086,11061,74,251972,223711,105,9.17122
142644,130036,90,62718,58060,86,1956,1599,23,4194,3851,35,8246,7289,50,13694,11787,66,289228,272479,104,9.17522
123901,111939,87,32380,28183,87,1359,1260,14,2812,2740,29,5437,4980,40,10072,8484,57,205203,182469,103,9.17622
189382,143961,102,70386,53635,96,2148,1715,21,4775,3732,41,9991,7780,58,17454,13054,78,391744,319311,114,9.18123
111800,106343,83,45894,44624,81,1674,1734,18,2776,2485,30,6317,6085,42,10555,10366,51,222175,207325,99,9.18423
164266,127416,99,60818,47901,94,2059,1629,26,4123,3104,43,8620,7022,56,15447,11876,75,329836,261734,112,9.20225
120819,105651,89,36913,31643,84,1883,1415,19,3180,2296,37,5678,4810,46,10380,9808,53,229516,198402,102,9.20526
171848,136449,99,63808,50993,93,2334,1622,28,4737,3437,46,8769,7057,55,15083,11907,81,341610,273581,111,9.22928
126777,117468,88,49436,45941,83,1627,1478,19,3173,3029,31,7020,6552,46,12042,11330,59,242866,224032,101,9.23329
96822,96922,80,35999,35736,78,1432,1082,9,2703,2582,32,5408,5152,40,9093,8430,58,187369,174092,96,9.23329
149389,122685,95,65652,56147,91,2035,1578,23,4233,3372,42,6915,5702,49,11964,9898,56,267846,226134,108,9.2393
95953,93195,84,38035,37688,79,1398,1214,12,2790,2445,32,5053,5267,36,8550,8344,51,190449,183434,96,9.2413
136254,114896,106,58698,51028,92,1745,1398,19,3270,3046,30,6449,5527,46,11481,10216,60,264700,230554,106,9.2413
163519,135252,98,61169,51222,91,2275,1738,27,3642,3465,34,8313,7303,51,15011,12711,77,315321,275713,108,9.2443
119359,112694,100,29203,27751,81,1376,1498,18,3196,3072,31,6756,6547,44,12817,12669,64,278100,276218,100,9.25732
94814,93138,79,27849,27561,78,1410,1413,14,2999,2567,29,5571,5135,40,9544,9229,55,219084,217027,96,9.26532
59975,60023,78,23922,23380,71,1034,1102,6,2020,1640,19,3296,3439,30,5934,6200,42,132649,133449,91,9.26632
104766,102935,81,54592,53567,80,1316,1148,11,2453,2354,25,5006,4812,41,9106,9255,51,209208,199339,96,9.26833
97750,100598,78,32993,32358,78,1762,1686,19,2955,2914,30,7187,6800,49,13236,12573,68,271466,257791,96,9.26833
94749,94623,83,18710,18386,57,1377,1331,14,2945,2549,26,5378,5267,40,8964,8458,50,216996,210101,96,9.27133
80025,79934,78,25100,24758,71,1163,1189,11,1535,1726,22,4216,4225,36,7070,6293,59,148784,144266,94,9.27634
89942,87519,80,33101,32367,78,1254,1202,12,1936,1607,23,4199,4109,38,7034,6958,42,156404,149702,96,9.27634
197845,147768,115,75925,58091,99,2530,1839,32,4119,2946,44,10163,7835,59,17569,13121,75,363836,274200,118,9.27834
66177,67945,75,27170,27154,74,875,791,0,1683,1676,16,3044,2839,31,6003,6463,38,129875,123058,91,9.28835
70661,69694,78,23428,23505,65,896,991,0,1254,1533,16,3790,3442,34,6481,6217,44,142675,136296,93,9.28935
172265,142946,95,49879,41028,90,2145,1919,24,4464,3642,38,8930,7464,57,14423,11944,69,320002,277801,109,9.29936
120478,107941,102,40598,35198,102,1740,1671,19,2626,2525,28,7006,6403,45,14145,12168,76,283346,246078,102,9.29936
69009,69072,75,16115,15837,50,1114,1032,5,1298,1680,18,3690,3523,34,7391,7550,43,152140,150175,92,9.30737
174399,146956,98,52635,42557,92,2538,2211,28,4530,3929,39,9540,8222,58,15636,13303,75,344513,303344,109,9.30837
98961,96904,83,34655,34429,78,1489,1548,18,2173,2857,25,5069,5062,38,9540,9462,57,191953,183873,96,9.31037
131173,122467,94,44846,42658,84,1952,1897,20,3970,3653,33,8189,7644,48,12782,12084,62,275100,255383,103,9.31338
111678,105418,85,43631,40521,81,1513,1410,16,2304,2068,27,5249,4816,41,8714,7998,53,188191,170213,98,9.31538
205464,164464,98,75265,60929,95,3277,2851,31,5051,4528,39,10727,8498,58,19741,16295,84,404947,343440,114,9.31538
192927,141891,100,75129,55109,96,2617,1676,32,4867,3383,43,10918,7781,63,18203,13368,81,405621,302878,114,9.32839
115289,110998,83,41737,40400,82,2080,1956,24,3680,3314,36,8059,7941,46,14434,13516,67,314093,295430,99,9.34441
228672,169752,112,71466,51197,105,3109,2269,34,6539,5338,48,13865,10959,67,25764,19205,106,517049,398603,123,9.35142
117197,111383,87,43759,42462,81,2045,1977,23,3233,3174,31,6201,6301,42,10888,10240,63,231202,219539,100,9.35743
99440,94986,84,30570,29280,79,1631,1312,17,2719,2373,25,5193,5201,39,9643,8968,55,195047,189554,97,9.35743
205598,156328,103,71259,55888,97,2293,1935,27,4226,3233,40,9566,7576,56,16797,12501,74,359720,274101,114,9.36444
109352,103761,84,40447,38635,81,1491,1631,18,3379,2987,31,5878,5481,41,9826,9714,56,203893,191002,99,9.36744
135224,116049,89,46852,40729,86,1808,1645,21,3264,3027,33,7464,6401,51,14095,12087,66,294979,261067,104,9.37545
112630,107245,87,46589,45374,82,1835,1546,19,3457,3564,31,7279,7432,43,14107,13277,75,301596,287153,99,9.38045
112148,105669,97,54956,53069,81,1337,1283,14,2757,2767,26,5532,5270,40,9634,8905,52,196360,186006,98,9.38846
100178,97316,82,42911,42311,79,1282,1359,16,1833,1960,24,4633,4362,36,7863,7928,49,170899,164853,97,9.39247
124083,111361,88,49752,44885,85,1404,1407,14,3081,2895,34,6576,6238,43,10657,10468,55,235937,222705,99,9.39747
236247,180379,103,107975,85416,103,4374,3501,36,8269,5972,58,16385,13574,72,28661,23586,103,589735,484975,120,9.41149
94373,92414,80,36052,35402,78,1191,1250,12,2333,2209,27,4835,4443,41,8182,8524,48,179204,167886,96,9.4205
164919,153806,88,61738,57937,87,2453,2374,23,4560,4376,38,9756,8599,58,18189,17252,75,359578,328723,104,9.4235
176954,147743,102,105379,93122,93,2592,2395,24,5437,4593,44,9694,8760,52,17471,15496,72,356652,324430,107,9.42851
115194,109335,82,44221,40651,82,1944,1437,25,2819,2800,28,7318,6269,48,11472,10455,62,237003,215327,100,9.43151
96954,94639,86,35334,34555,79,1177,1234,11,1866,2329,21,5119,5058,38,8614,9085,46,186901,179277,96,9.43852
167669,151172,91,72298,65318,89,3406,3083,29,6206,5707,41,12867,11630,67,22493,21436,83,455096,417705,107,9.44553
126578,117049,88,36840,33757,85,2224,1660,24,4266,3838,37,8101,7420,50,14630,13339,75,317023,294567,102,9.45153
132304,119540,96,38888,34255,86,2264,1781,23,3488,3280,33,7762,7228,46,14423,13716,69,291993,273805,103,9.47055
116931,106422,87,39374,34691,83,1823,1485,18,3027,2671,29,7338,7042,50,11539,10684,56,275938,257395,102,9.47856
87237,85610,79,33532,33117,77,1035,1021,6,2460,2098,32,4179,4388,35,8287,7940,52,167916,159190,96,9.5086
111516,107136,85,35968,34592,81,1505,1452,14,2917,2418,32,6085,5819,43,10763,10289,53,230987,218899,99,9.5156
99897,99112,79,22586,21748,69,1914,1753,19,2678,2778,27,6727,6346,43,11387,10993,53,238427,233534,96,9.5166
135125,115282,97,55298,47519,87,1399,1153,9,3066,2346,28,5783,5117,44,10112,9040,58,223662,192909,105,9.52161
97727,96191,82,34886,34260,79,1134,1393,16,2542,1903,28,5046,4741,37,8128,8307,49,177754,173587,97,9.53162
81471,81779,79,22605,22415,67,950,984,0,2590,2162,29,5669,5397,40,9874,9310,57,194182,192889,95,9.53362
84148,84281,78,32873,32438,77,1150,1256,10,1455,1523,17,4034,3861,36,7050,6385,43,142875,140728,94,9.55365
78460,78638,78,24627,24284,70,986,1006,2,1606,1762,21,4197,4216,35,6890,6573,45,158490,149931,94,9.55365
120951,115748,83,34019,33456,79,1294,1492,16,3031,2884,29,7230,6910,46,12446,10904,59,270903,262306,99,9.55465
106579,103352,87,28948,28766,78,1377,1279,16,3024,2928,26,5718,5450,40,9548,9555,52,202949,195545,97,9.55465
99419,100173,80,28431,28146,77,1589,1287,16,2452,2397,26,4959,4972,38,8958,8194,55,185049,175293,95,9.55865
86117,85740,79,21382,21079,61,1247,1074,8,2036,2011,24,4565,4593,35,7888,8081,45,176281,172857,95,9.55865
209066,147743,108,85342,61750,100,2541,1918,32,5316,3901,45,11684,8180,68,19655,14331,85,435652,308743,118,9.56466
124018,120268,84,27007,26915,79,1854,1666,20,3678,3610,35,7343,7096,46,12058,11657,63,268850,253817,100,9.56566
45152,46452,72,12966,13177,46,759,736,0,844,839,0,1957,1985,25,3441,3385,34,81078,80248,87,9.57967
177706,140177,98,49116,38756,91,2240,2099,25,3928,3200,39,8223,6259,51,14761,11586,80,315585,254770,111,9.58368
126027,120546,84,57928,56440,83,2341,2001,25,3236,2985,31,7379,6875,47,12270,11627,64,267140,246584,100,9.58568
172549,122511,102,72124,53147,98,2264,1446,28,3450,2526,40,7783,5802,56,13552,10305,74,291576,217063,115,9.58668
96176,93985,81,35616,34520,79,1079,1050,6,2209,2105,22,4830,4909,37,8173,8230,47,175448,165181,97,9.59069
112061,108549,84,31283,29380,82,1404,1346,18,3213,3105,31,6300,6165,41,10728,10240,55,231380,219063,100,9.6007
176877,96831,105,51036,28369,104,2867,1501,40,3543,2204,42,10026,5727,69,15847,8957,76,360688,212424,122,9.6067
120929,115334,85,35652,33431,82,1747,1644,18,3910,3529,35,7560,7057,45,12928,12451,59,280868,267920,101,9.6067
74778,71862,81,27367,27199,75,1123,1212,9,1836,2098,24,3901,4086,33,6728,6825,40,141380,140084,94,9.61071
171926,138802,94,56619,45047,93,2174,1779,26,3726,3138,37,9091,7437,55,15566,13005,69,323032,271301,111,9.62072
85583,85079,80,31590,30978,77,1153,1117,10,2163,2250,23,4625,4494,38,7978,7997,49,155397,150163,95,9.62472
167910,150591,95,73210,65118,90,2496,2405,26,3856,3828,33,8957,8018,48,14848,12947,74,319036,290518,108,9.62773
60853,58488,89,18190,18299,54,737,677,0,1332,1369,14,2498,2539,28,4377,4080,37,104558,100923,91,9.62973
90175,86941,83,30949,29945,78,1124,1002,1,2075,2146,27,4711,4532,37,8849,8723,48,170243,162937,96,9.63073
126873,113723,91,52959,47819,86,1299,1363,18,2984,3034,29,6938,6348,44,11486,9717,73,245853,221201,103,9.63674
107213,105522,82,24504,23799,64,1746,1499,19,3106,2936,33,6200,6018,44,9606,9779,54,216073,213514,98,9.63674
146980,123952,89,49359,41726,87,2253,1865,26,4203,3512,38,7941,7108,50,14174,11877,69,291194,245100,106,9.63674
181309,161049,92,114190,103187,91,2341,2363,23,4845,4066,41,9816,9006,51,17889,16183,82,368472,337604,107,9.64775
158013,132147,93,64074,54611,91,1595,1444,16,3820,2761,38,7994,7065,51,14207,11770,67,290784,252965,108,9.64975
141400,114856,97,47850,39779,90,1798,1466,20,2987,2477,30,6918,5542,50,12311,9928,65,258025,212112,109,9.67078
150931,126013,103,55707,47379,92,2310,1697,27,2940,2452,35,7913,6598,51,13836,11054,69,289727,251320,110,9.68179
231898,204087,99,111008,98459,99,4143,3576,33,9653,8864,53,18408,16078,72,29724,26259,102,659854,561569,116,9.6888
123858,109025,88,53800,47284,85,2038,1861,24,3234,2678,34,7304,6547,49,11726,10247,64,267774,239194,103,9.70081
186840,142327,108,75857,59482,95,2121,1682,26,4707,3698,43,10235,7773,59,18074,14178,74,381808,300014,113,9.70682
150896,124063,100,41314,32354,92,2031,1473,22,3616,3034,39,8026,6454,56,13103,10488,64,301270,248351,110,9.71783
98836,95949,85,42829,41885,80,1406,1465,18,2657,2124,26,5825,5428,42,9435,9865,49,201425,192305,98,9.72183
146548,124075,90,56402,47587,88,1516,1577,18,3201,3143,31,7917,6560,54,14195,12121,68,311613,268929,107,9.72484
47988,46811,75,15985,16034,50,491,534,0,749,890,0,1968,1977,22,3613,3455,35,72713,68938,88,9.72684
161012,126778,98,55991,44061,94,2481,2054,25,4082,3057,39,9179,7080,57,15502,12333,68,330443,262584,111,9.72884
111723,100190,93,42518,38312,85,1579,1538,17,3353,2887,30,7425,6437,47,12039,10420,61,270567,243712,103,9.73485
98862,95459,84,28071,27584,76,1438,1325,15,2330,2198,27,5737,5365,42,10785,10121,52,228034,219526,98,9.73485
169745,134098,105,62885,50902,94,2766,2259,28,4035,3478,35,9066,7068,57,15949,12419,75,341836,276909,112,9.75287
81185,81781,93,18657,18558,57,1371,1193,11,1577,1967,22,4610,4258,37,7719,7412,47,169827,163933,94,9.75587
80566,81468,74,35542,35288,77,1117,1066,7,1823,1991,22,3957,3714,35,8142,7813,53,162718,156162,94,9.76088
154934,122177,96,57832,45136,91,2295,1750,27,3379,2879,37,7816,6414,51,13543,10992,61,281576,218037,108,9.76889
162241,137629,99,55808,47261,97,2277,1953,25,2922,2660,31,7097,6273,49,13697,11462,69,264057,227546,114,9.76989
91197,90136,79,32630,32097,78,1113,1168,10,2184,2453,29,5205,5087,38,9031,8804,54,187362,181576,96,9.77089
79215,80216,79,32097,31498,76,1030,1107,8,1988,1586,24,4291,4008,37,6851,6517,45,148490,142338,93,9.7779
82959,80976,82,21949,21855,64,1025,964,0,1928,1691,19,4100,3749,35,6097,6565,39,142669,138629,94,9.7799
200810,164789,98,76024,60842,94,2728,2239,30,4441,3942,38,10505,8501,62,17665,14379,71,393053,325352,113,9.7819
134344,119761,105,47000,39870,105,2013,1853,20,3660,3753,31,7586,6558,48,13454,12314,68,279427,237983,105,9.7819
97771,98208,79,44117,43409,79,1455,1349,14,2033,1943,29,6848,6382,47,11244,10539,59,233542,222866,96,9.7819
71551,69952,82,28114,27673,76,690,882,0,1409,1317,17,2872,2633,30,4550,4678,35,107844,104315,93,9.78991
166147,132864,98,60861,48731,96,2094,1521,18,3333,2204,40,7554,6171,51,12519,9979,65,286774,232297,114,9.78991
267761,195386,111,98118,71292,106,3820,2891,37,6593,4814,51,14932,11510,75,24239,17987,101,508877,396530,124,9.79191
109073,105158,90,56840,55213,82,1828,1659,19,2327,2404,28,5730,5810,42,10408,10580,56,214483,206918,99,9.79291
167152,127429,95,65634,50465,93,2195,1527,28,3853,2882,38,7808,6459,50,13956,11057,65,294305,230787,110,9.80392
49312,47502,89,16329,16248,52,657,730,0,1066,988,0,2092,2015,25,3694,4154,31,84998,83263,89,9.80493
126428,115306,86,47611,42749,85,1666,1616,19,3356,3092,35,7434,6723,48,12411,11599,66,269265,245594,102,9.81093
108556,105477,84,42685,42165,79,1731,1781,19,3087,2989,33,5960,5735,43,9575,9668,53,205121,197310,97,9.81994
109545,106370,87,44211,42837,80,1845,1693,23,3072,2860,32,6799,6623,47,12383,11659,65,255659,240531,98,9.82595
140227,124223,91,51545,45255,87,2027,1778,24,3615,3361,37,8645,7729,51,15685,13732,66,328767,302114,105,9.83196
85313,84980,78,23861,23267,68,1134,1289,11,2192,2057,22,4811,4599,37,8975,8923,53,179453,176708,95,9.83496
298575,228703,116,246391,198742,115,6524,5239,42,12610,9757,62,27156,22494,98,47266,38234,115,979339,801070,130,9.83996
133387,126026,97,47811,45542,83,1537,1624,18,2639,2672,29,6864,6621,43,10981,10311,56,239157,218357,101,9.84897
188057,161905,98,75561,65815,91,2937,2431,30,5020,4653,40,11149,10165,57,19786,17972,78,420372,381623,110,9.85698
94397,94068,79,19762,19546,57,1220,1194,11,2560,2582,25,5048,4864,38,8404,8240,50,190188,182920,96,9.86299
306585,221148,127,147736,119169,122,5812,4469,41,10809,8136,56,20269,16423,83,34084,27330,122,754010,598038,141,9.868
162109,132384,108,56344,46643,89,2084,1707,26,3269,2780,35,8107,6974,50,14978,12108,70,312765,263686,108,9.871
179603,147961,96,63778,51097,92,2574,1884,31,4165,3266,35,8596,7169,52,14360,11497,68,302507,245209,110,9.871
174336,137079,97,60881,47362,92,1988,1688,26,4291,3380,41,9302,7904,54,17188,12686,88,375076,297227,110,9.87901
262006,185606,112,88392,62921,112,3972,2492,39,5725,4516,43,13137,9341,74,21924,15791,96,475625,351473,130,9.89302
38870,40843,68,17527,18001,50,675,635,0,867,1158,9,1602,1589,21,3131,3201,30,65021,62798,85,9.89302
84004,81352,87,31043,30685,77,788,886,0,1769,1636,20,4188,4197,35,7596,7603,46,155046,153435,95,9.89903
99945,97754,82,40397,38643,79,1359,1461,16,2350,2326,27,5973,5464,42,10792,10084,57,222793,213463,97,9.91204
107900,105074,91,30566,30467,78,1607,1501,18,2837,2351,30,5765,5511,41,10107,9957,58,210971,200397,97,9.91204
137451,121168,88,55839,48377,87,2010,1942,25,3780,2990,34,7806,6991,49,13295,11452,63,265437,243308,104,9.92306
127032,122330,91,42870,40920,80,1970,1845,22,3600,3399,32,7850,7383,46,13251,12694,70,294457,283103,99,9.94208
143272,120158,108,53981,44942,91,1720,1473,17,2517,2692,27,6156,5149,47,10703,8969,60,231460,193679,108,9.94408
105813,95960,88,26578,24259,82,1580,1414,16,2549,2304,28,5547,5234,42,9549,7959,59,202315,188281,101,9.95509
256788,190061,108,97512,72341,106,3612,2733,35,6393,4701,53,14527,10899,66,26614,20125,106,541127,423183,124,9.9641
89218,90007,78,28136,28042,69,960,1135,8,1936,1899,25,5115,4991,37,8691,8381,51,170491,165276,94,9.9641
93575,88550,90,28590,27115,78,1562,1408,18,2128,2316,25,5440,5092,40,9964,9871,56,206573,199745,97,9.96611
143966,120274,91,52888,43129,90,1988,1565,24,3177,2714,33,6643,5855,47,12400,10452,67,262490,226527,107,9.97311
196914,163178,98,74119,61108,94,3649,2978,34,6218,5616,43,13350,11755,69,24331,22169,91,484915,440265,112,9.97912
38486,39227,72,18343,18697,54,370,438,0,613,545,0,1438,1266,18,2474,2296,26,54954,56404,85,9.98613
79719,77705,81,29941,29602,77,1023,875,0,1271,1271,13,3807,3745,34,7206,7172,48,149160,147945,95,9.99714
53001,52722,74,19888,19879,62,480,520,0,1011,1179,15,2648,2412,29,4269,4080,35,89992,91788,89,10.0021
226038,168829,107,95130,71807,103,3419,2557,35,6276,4858,51,12865,10056,63,21434,16105,93,450033,343620,121,10.0031
176005,144811,96,90042,76704,94,2320,1596,28,4810,3510,42,9363,7936,55,15318,12251,81,331308,274474,111,10.0092
94911,86877,82,34732,31435,81,1240,1071,9,2082,2079,23,4781,4221,42,8790,8572,48,189954,176511,97,10.0102
144874,135727,89,46624,43323,85,2065,1807,22,3499,3077,36,8377,7813,51,13633,12495,68,291659,275714,103,10.0122
84414,82146,87,24496,24090,68,793,899,0,2137,2150,25,5011,4575,41,8201,8254,45,171214,167967,94,10.0132
71913,70847,85,24617,24185,75,916,835,0,1377,1483,16,3268,3340,32,5984,5793,43,131999,129491,92,10.0252
114871,109160,87,27751,27185,80,1740,1640,19,3379,3190,32,7225,6830,44,12986,12916,58,273081,257038,101,10.0282
133242,115044,91,49578,42554,87,1767,1582,21,4130,3051,44,7007,6090,47,12357,10366,71,256301,222642,105,10.0372
138558,127921,88,39176,34137,87,1899,1659,23,3417,3052,34,7353,6567,47,12823,11687,59,278470,251297,104,10.0462
122391,112343,87,48617,44342,84,2008,1647,23,3501,2937,37,6707,6533,43,11310,10929,64,239250,224795,102,10.0462
147835,128285,94,53031,46439,89,2011,1718,20,4091,3920,38,8781,8146,49,14879,13499,73,331834,302523,106,10.0492
268696,193950,122,106303,78643,118,3576,2540,36,6598,4900,49,13775,10797,72,22255,17204,83,465924,357414,131,10.0562
60960,62405,74,22890,23558,60,675,848,0,1615,1307,20,3153,3113,32,6149,5900,44,133674,134825,89,10.0562
119158,115063,84,35337,34220,80,1706,1698,20,3347,3378,32,6996,6857,46,12884,12185,60,255525,241563,99,10.0592
85885,86094,79,25733,25667,66,1220,1167,11,2048,2253,25,4357,4150,37,9007,9377,53,179829,173048,93,10.0592
155235,131972,92,60324,51606,90,2191,1879,24,3788,3004,39,8567,7839,56,13258,11854,65,303590,262964,103,10.0592
211287,155643,113,88411,66055,104,3593,2506,35,6037,5018,48,14550,11444,70,24054,18467,88,473035,370839,121,10.0652
116601,112679,84,41382,39846,82,1730,1674,19,2904,2739,28,6903,6682,47,11537,11378,62,240704,230466,100,10.0692
199000,151539,102,80677,63988,101,2676,1934,28,5088,3714,46,10638,8266,58,18567,14380,84,386506,306228,119,10.0702
123824,111044,88,39200,35682,83,1594,1449,19,3201,2906,30,7499,6532,49,12710,11048,69,267510,249442,103,10.0752
166501,131468,97,55984,43811,94,2424,1644,27,3371,2793,36,7303,5775,51,14282,11608,67,306950,241160,112,10.0782
84983,82379,88,25224,24965,68,753,935,0,2442,2133,24,4348,4298,36,6724,6556,55,149757,148528,95,10.0832
86958,84119,83,24192,24187,73,921,819,0,1520,1522,18,3909,3706,35,7172,6909,46,142937,135937,95,10.0842
323386,238573,137,168305,128342,134,6094,4448,43,10328,8219,52,21556,16103,84,38379,28462,136,785286,604700,151,10.0862
89727,89146,81,39649,38850,77,848,797,0,2029,2464,25,4715,4955,35,8752,8373,49,192311,183617,94,10.0902
74799,74247,82,17344,17192,52,879,922,0,1874,1681,22,3560,3500,34,6934,6506,46,160164,157146,93,10.0922
187275,144669,96,66744,52010,93,2456,1833,29,4753,3996,41,9737,8068,57,17183,13780,74,354302,289282,111,10.0922
142562,133905,86,60569,55813,85,2141,1850,24,3503,3257,35,8134,7619,53,13230,12729,67,294498,268114,102,10.0963
79074,79772,76,34343,34693,76,1186,919,0,2079,1912,23,4570,4638,36,8023,8139,46,170585,162381,93,10.0983
75326,74439,80,27384,27143,76,1115,1088,6,1582,1497,17,3835,4071,33,7230,7237,47,149828,147322,93,10.1033
115782,102732,85,34516,30007,83,1758,1569,20,2809,2694,29,6160,5697,45,10880,9937,55,250191,223956,102,10.1033
209335,167513,98,79577,65906,96,2921,2221,31,5422,4361,42,11612,9776,60,19804,16292,82,421864,350567,115,10.1063
88608,88928,79,39020,38949,77,1391,1365,17,1968,1754,23,4617,4433,40,8290,8251,47,158914,151509,95,10.1063
96570,92707,82,43096,42001,81,1705,1696,22,2856,2517,27,6901,6568,43,12387,11935,59,256318,239549,98,10.1103
138908,120121,91,55194,47677,88,1504,1676,17,3392,3205,33,7715,6795,48,13181,11439,62,275087,243972,106,10.1223
82628,81193,78,19297,19339,56,1095,1141,10,2082,2344,24,4986,4770,38,8926,8775,48,194212,189885,94,10.1223
111391,106003,83,46032,43578,81,1312,1275,15,2424,2364,28,5388,5377,40,8864,8607,57,182548,170711,99,10.1223
131900,110349,91,54246,44906,89,2195,1959,24,3276,2585,35,7186,5972,48,12330,11086,59,274426,232768,106,10.1283
154672,133520,96,53825,44778,90,2200,1987,21,4700,4325,36,8843,7401,55,15298,12715,70,303988,269068,107,10.1413
141042,132872,87,64017,61139,84,1670,1596,22,3679,3454,33,8079,7406,51,14316,13687,70,306378,292327,102,10.1613
169385,150683,94,134989,124314,90,4822,4267,36,9303,8009,64,17822,16331,74,29558,27124,92,620818,556889,107,10.1633
179116,143139,97,70861,57715,94,2468,2161,27,3909,3615,40,10538,8593,57,18437,14708,86,417071,350205,112,10.1683
119689,115384,83,46209,42482,84,2150,1911,26,3431,3299,31,8216,7346,51,14236,13634,66,312487,301509,99,10.1683
98771,98539,81,29529,29202,77,1578,1631,19,2455,2430,22,5273,5281,39,9582,9659,50,201889,193492,96,10.1763
127138,108342,96,49950,42227,86,1473,1020,7,2297,2022,29,6091,5142,47,9985,9364,53,205103,172879,103,10.1964
126620,117417,86,42309,38313,83,1972,1766,22,3183,2976,32,6957,6674,47,13580,12455,60,271284,250231,101,10.1964
78967,79274,84,31804,31507,75,968,1081,6,2427,2205,28,4428,4432,36,7266,7143,47,170264,169048,93,10.1964
168104,135033,94,64520,50664,93,2414,1948,25,4031,3502,39,9137,7262,53,17264,13907,75,364678,296628,110,10.2004
70619,67829,88,25646,25224,76,727,618,0,1875,1502,21,3014,2937,30,5607,5402,42,117147,113225,93,10.2024
109937,107840,93,46777,46322,79,1440,1524,17,2636,2576,27,6017,5987,41,10261,9965,52,224094,214099,97,10.2094
167369,153736,92,70320,64981,87,2556,2219,27,3924,3738,34,8481,7754,51,14651,13986,65,315374,297788,105,10.2274
117969,105281,86,36995,32098,84,1802,1440,21,3561,2634,33,6675,6142,45,11779,10365,66,243194,214780,103,10.2334
187758,153272,107,61723,49878,95,2249,1862,26,5333,3740,49,10528,8585,61,16928,13897,75,387787,329806,114,10.2464
79974,78774,77,27256,27035,76,1090,1239,9,2183,2061,25,4663,4383,36,7663,7372,46,170636,165602,94,10.2554
202467,170773,102,82144,68842,101,2887,2346,30,4882,3934,38,11144,9591,59,18214,14983,85,384184,345133,117,10.2574
113442,107469,85,56323,53043,83,1579,1663,20,3228,3095,31,6683,6179,44,11476,10488,60,240135,229961,100,10.2614
43757,45429,65,9280,9384,42,801,737,0,671,813,0,1898,2040,23,3359,3197,32,76682,73138,87,10.2634
147122,119209,108,52836,43703,90,2448,1952,25,3475,2418,40,8613,6881,54,15815,13325,69,305138,256768,108,10.2684
74445,73746,86,15021,15342,47,923,1023,4,1894,1812,22,3313,3278,34,6242,5924,43,121474,119263,93,10.2694
95357,93110,83,43114,42768,78,1468,1299,14,2272,2270,25,6210,6200,42,10326,9993,54,265972,255986,96,10.2694
234403,158842,124,88434,60216,105,2956,1989,34,5253,3620,48,11182,7766,64,18835,13357,80,403362,277473,124,10.2915
177714,146024,99,59261,48050,94,2003,1695,24,5017,3599,44,9713,8089,62,15954,13714,69,343080,292327,112,10.2965
79331,78127,80,18850,18853,53,1179,814,0,1696,1890,21,4322,4470,35,8396,8402,45,179025,172930,94,10.2965
161953,150540,92,48054,44115,87,2099,2125,22,4408,4099,38,9254,8567,54,17249,15999,72,341870,315555,104,10.2975
97483,93429,87,26350,25977,78,1400,1267,13,2172,2308,27,5590,5487,42,10495,9824,60,210574,205323,98,10.3085
94691,92365,83,30715,30177,78,1589,1452,16,2582,2523,30,6569,6906,41,11795,11676,61,262725,257102,96,10.3125
119756,115256,83,29553,28451,80,1577,1589,21,3113,3388,31,7198,7004,47,12310,12001,62,277711,267277,99,10.3165
113142,110541,88,28301,27898,81,2176,2188,22,3265,3278,31,7777,7549,48,13101,12148,64,283161,273140,100,10.3175
110176,105811,87,44424,43369,82,2190,1997,21,2708,2651,32,6434,6547,45,12452,11931,68,241830,232143,100,10.3175
154267,121796,96,52854,41549,94,1809,1456,23,2597,2335,28,6938,5452,51,11473,8704,62,256135,210403,112,10.3215
205792,163726,97,65266,50893,95,2870,2230,29,3967,3180,39,9388,7556,55,16551,12999,77,346731,284960,114,10.3255
171396,143868,94,74196,62864,92,1905,1677,21,3840,3562,34,8726,7210,56,14550,11970,72,304195,261829,109,10.3265
206846,160818,115,82243,64750,98,3055,2476,32,4947,3695,43,11564,9164,62,21088,17042,88,444945,363457,115,10.3275
85493,85592,79,32892,32307,77,1272,1366,16,2776,2488,32,6049,5966,41,10874,10627,56,212598,210987,95,10.3305
73194,73018,79,25858,25588,74,1138,1111,8,1334,1472,16,3497,3544,34,6902,6826,46,148837,147213,92,10.3315
92835,89483,84,35044,34016,79,825,845,0,1740,1832,22,4227,3937,35,7518,7123,46,159594,157151,97,10.3395
132783,125932,88,47167,45211,83,1343,1525,15,2308,2157,27,5887,5447,43,10241,9666,55,219382,206326,102,10.3415
169341,144918,108,49159,41746,90,1888,1773,24,4152,3586,33,8637,7526,52,13696,11553,65,319489,283783,106,10.3415
95091,92196,91,30009,29509,78,1489,1281,17,1909,1866,22,4914,4690,40,7316,7044,47,162541,155494,96,10.3515
242615,180751,115,95475,70017,112,3022,2147,33,5958,4828,47,12051,9329,63,20662,16636,84,431447,351078,129,10.3515
239470,195447,104,138965,119324,102,4500,3820,38,7405,6443,50,16594,13720,69,29382,25639,104,631327,517200,119,10.3635
94560,91984,80,26400,25953,76,1599,1561,19,2514,2614,27,5798,5564,44,11238,10105,61,219035,211314,95,10.3866
205754,166256,98,73996,59524,95,2942,2351,29,5412,4197,40,11108,9360,57,19919,16245,82,395510,333987,113,10.3896
194749,138411,117,71387,50337,102,2722,1823,31,4918,3471,44,10883,7521,62,18623,13480,88,397667,276234,117,10.3896
83497,82587,81,19405,19099,56,1362,1239,10,1811,1760,23,3826,4035,32,6503,6367,43,141883,139939,94,10.4056
103003,102761,84,21584,21183,61,1828,1687,19,3426,3177,32,6841,6736,46,11590,11679,61,246273,242035,97,10.4096
118726,113588,84,36286,35446,80,1691,1863,18,3091,3369,30,7230,7099,46,11918,10420,56,258554,244281,99,10.4146
190818,148878,98,74614,58924,96,2326,1744,25,5007,3939,45,10042,7575,59,16228,12732,69,349495,279562,113,10.4176
236457,196180,101,132935,115190,100,5090,4067,39,9153,8057,55,19303,17156,80,31959,27421,103,731690,648412,118,10.4276
142318,131937,93,36382,33558,83,2525,2305,28,4983,4404,38,9657,9125,52,18244,16902,76,383257,361337,103,10.4416
213282,163797,100,73087,54785,99,2933,2383,30,4860,3596,43,9565,7566,58,16805,12918,78,363215,290577,117,10.4416
126385,123719,84,41637,41238,80,1856,1895,20,3953,3799,34,7567,7269,46,13828,12465,74,297055,277561,99,10.4587
315385,213986,145,125709,86516,139,5070,3374,40,8821,6146,60,19038,13266,81,32718,22839,113,700533,519658,157,10.4627
93901,91604,84,39018,38558,79,1051,876,0,2461,2092,27,4718,4752,36,8239,7893,48,176313,166335,96,10.4687
101179,99816,81,31553,31063,80,1224,1255,16,2723,2811,29,6218,6164,41,11443,10661,62,249212,238736,97,10.4717
131657,124217,96,52395,50472,83,1801,1805,22,3428,3243,36,6905,6990,42,11454,10643,66,249547,236314,101,10.4777
117746,113287,89,39965,38415,81,2045,1953,22,3274,3229,29,6911,7131,43,14257,13941,68,297825,285960,100,10.4997
141044,134175,93,45908,43933,83,2208,2329,25,4001,3801,37,9121,8561,49,15293,14484,69,327564,315154,102,10.4997
96134,93440,81,31791,30487,78,1548,1584,17,2195,2420,25,5462,5379,39,8688,8821,47,183405,176785,92,10.4997
119387,113841,88,48857,47669,81,1325,1478,15,3174,2981,28,6396,6454,41,11195,10823,57,255300,239412,100,10.5007
199600,152414,98,85482,65706,98,2673,1884,30,5827,4505,49,10757,8762,61,19200,15428,79,428120,336324,115,10.5047
92202,90363,86,39732,39126,79,1140,1026,5,1622,1816,20,5389,5175,40,9105,8838,53,207804,197601,97,10.5057
147770,122930,91,52770,43867,90,2125,1605,24,3145,2887,34,8001,6721,51,14569,12278,68,308053,269260,108,10.5087
102280,99926,83,36626,36176,78,1522,1221,16,2721,2674,29,6049,5659,43,10716,10093,59,239538,229075,97,10.5127
262905,186088,139,93674,67130,126,3691,2674,36,7268,5464,56,13681,10153,67,23497,16737,93,486587,360148,145,10.5137
100254,96390,83,34638,34149,79,952,871,0,2251,2316,24,5104,5252,37,7826,7915,42,184771,178357,98,10.5157
127366,119670,84,42574,39110,85,1785,1575,20,2934,3085,30,7588,6613,51,13073,12102,57,275402,259462,101,10.5357
134801,122358,91,51333,46260,86,2224,1795,23,3132,2939,30,6918,6221,46,12408,11276,61,248904,230602,104,10.5367
155558,127440,96,66216,54772,91,1913,1506,25,3465,3000,34,7769,6025,50,12605,10347,64,287389,229468,109,10.5397
90728,91849,78,38309,37445,77,1272,1659,15,2503,2058,26,4771,4752,36,9185,8945,55,190441,184338,94,10.5458
85517,85214,81,21423,21481,63,1181,1351,11,2151,2047,29,4140,4361,33,7529,7004,44,150788,143193,95,10.5508
144163,122484,93,62132,53861,89,1970,1756,20,3272,3036,34,7227,6812,48,13460,12169,62,284700,251071,107,10.5558
85870,83895,79,29122,28890,77,1294,1327,16,2441,2068,27,5108,4986,38,9379,9076,53,183000,177948,95,10.5658
101539,98904,83,34656,34059,78,1384,1570,17,2831,2402,31,5830,5727,40,9909,9624,48,217769,206861,97,10.5668
289910,224289,126,160188,126438,122,6420,4712,42,11836,9780,58,24794,20017,97,44215,34884,125,886728,713685,139,10.5738
151052,117496,95,52231,39896,91,2630,1759,27,3813,3388,36,8473,6391,56,16026,11441,73,326653,259199,109,10.5998
162076,129567,96,61185,48685,92,2024,1627,23,3927,3037,42,7430,6205,52,13432,11068,67,278333,228879,110,10.6208
142081,121824,91,52225,44282,89,2411,2112,26,3245,2884,34,7291,6124,53,13687,12124,72,268315,230293,106,10.6218
95261,93361,81,59469,59509,78,1223,1065,7,2406,2256,28,5187,4901,41,8600,8530,47,191617,183858,96,10.6228
120390,111402,89,45601,41874,85,2027,2032,22,3251,2743,31,6824,5874,51,13259,12996,63,263592,250144,102,10.6308
90460,88421,82,20058,19864,58,1400,1280,12,2579,2826,25,5287,5012,41,9293,8389,57,195111,185190,96,10.6359
112069,107500,82,36386,35385,81,1765,1765,20,3775,3405,30,7330,7028,48,12631,12551,57,251172,235589,99,10.6439
117007,110732,100,39424,37873,81,2057,2091,21,3606,3648,31,7461,6945,48,14250,13443,73,288200,268447,100,10.6439
105744,104511,82,32250,31533,78,1467,1484,18,2790,2941,30,6201,5765,45,11215,11031,55,217322,208164,97,10.6469
124331,117027,101,45212,42449,83,1628,1649,18,3698,3393,36,7093,6786,48,12845,12016,59,277502,266214,101,10.6519
176441,138966,99,58526,47484,94,2045,1867,25,5053,3977,40,9860,8179,56,16651,12898,73,352413,291658,113,10.6539
202654,175422,103,118656,104556,95,4408,3726,36,7894,7061,52,18258,16330,75,31018,26497,96,657154,574105,112,10.6559
170045,141227,99,60587,49733,92,2384,1858,23,4113,3854,37,8288,6917,56,13764,11807,71,296565,253949,110,10.6569
122407,116064,85,42836,40618,82,1501,1387,15,3099,2573,34,6415,6007,46,10951,10560,53,236157,222762,100,10.6609
107503,101178,83,42295,39639,82,1622,1878,20,2806,2679,28,6146,5665,43,10763,9781,54,236832,224252,99,10.6609
102860,98140,91,41219,40001,80,1662,1494,19,2474,2468,27,5099,5090,37,8365,8157,43,198298,191582,99,10.6629
149682,127952,98,54305,46778,91,2102,1760,25,3953,3464,34,8814,7965,48,15687,14958,69,309144,271429,108,10.6689
135758,113284,95,36238,28533,89,1877,1528,20,3540,2728,36,6323,5330,47,11242,9611,63,228279,195421,106,10.6729
191287,172533,104,69469,61493,91,3438,2775,34,6874,6230,48,13189,11506,70,22364,20231,91,448647,397709,108,10.6759
102389,102925,79,31459,30842,78,1567,1453,18,2447,2168,27,5656,5718,39,9349,9322,56,202233,198174,96,10.6759
147904,115583,99,49392,37522,92,2101,1714,22,3233,2980,34,7107,5704,51,12706,10420,65,272605,208306,109,10.6789
82250,80107,80,31535,31075,77,1109,1052,6,1959,1765,21,4358,3998,39,8723,8531,50,179711,169927,95,10.6919
179741,151403,97,59678,48389,94,2697,2107,28,4513,3810,39,10679,8913,67,17793,14998,78,372872,322200,111,10.6919
298402,215990,126,225706,176300,125,9736,7357,51,17287,14124,69,38307,30958,122,66428,53465,125,1.04858e+06,1.02197e+06,140,10.6929
127504,108592,89,44671,38571,86,2138,1572,24,2882,2733,30,6658,5641,48,12118,9951,62,252623,225527,105,10.7109
89496,85536,84,36777,36070,78,1126,1184,11,1493,1707,19,4913,4712,40,8096,7512,49,189722,178352,96,10.7169
178185,144267,101,74217,61292,95,1994,1914,24,4463,3485,40,8910,7706,51,16272,14178,70,341025,295864,112,10.7199
47429,49041,59,18309,18404,51,717,918,0,783,836,0,2679,2771,26,4093,4295,36,93002,93460,88,10.727
98991,97198,81,33819,33181,79,1888,1715,21,3128,2810,33,7694,7832,44,12649,12494,61,282054,270195,96,10.729
191196,166801,94,79470,70009,91,3152,2686,31,6533,6042,43,13879,12514,65,23859,21203,93,499553,457916,110,10.735
129055,122725,86,36871,35094,85,1922,1898,22,3134,3062,30,6384,6278,41,11552,10617,66,246247,231902,103,10.741
118089,114630,82,40140,38684,80,1513,1397,15,2858,2560,31,6970,6281,45,11603,10927,58,244062,232628,99,10.745
43183,43827,73,16133,16299,51,485,323,0,974,1052,4,1957,1796,21,3233,3204,29,71750,70718,86,10.76
131573,122695,88,48242,45882,83,2058,2053,22,3796,3534,32,8950,8544,54,15551,15070,67,350185,323191,102,10.76
150245,139607,102,58447,55000,87,2408,2315,24,3677,3232,37,10402,9820,52,18256,17054,73,371492,350308,105,10.761
101040,98115,83,43854,43019,80,1386,1223,16,2821,2735,30,5405,5086,39,9782,10011,54,200264,194618,97,10.763
90797,87465,93,34703,33709,79,1461,1356,17,1684,1606,25,4858,4681,40,9448,8935,54,196949,193062,96,10.765
75153,74650,77,21032,21107,60,1128,925,0,2311,2068,27,4235,3958,37,8805,7910,56,171316,168564,94,10.766
85375,85744,77,28241,27768,77,1112,965,0,1810,2390,21,4111,4143,35,7279,7483,45,146114,135661,95,10.767
103400,102923,82,34487,34103,79,1194,1096,8,2328,2187,27,4782,4622,37,8970,9214,51,167102,161094,97,10.767
99247,98257,79,19704,19505,57,1331,1343,16,2673,2583,29,5869,5640,41,9156,9109,57,199909,194161,96,10.77
40983,43695,53,12869,12993,45,363,590,0,529,716,0,1966,1929,23,3498,3578,33,89773,89908,88,10.778
66734,69054,74,17221,17355,50,1164,818,0,2261,2092,31,3830,3755,35,7461,7244,51,148535,148835,91,10.778
142496,125058,98,56574,50172,87,2395,2240,26,4448,4306,37,11143,10016,56,18891,17032,73,429281,386592,106,10.779
125702,108076,94,49642,42059,88,1808,1626,20,3087,2541,32,6505,5896,46,11235,9440,64,253368,219902,104,10.781
142846,121571,99,55650,47469,90,1760,1542,18,4043,3207,37,7710,7000,47,14215,12519,69,302146,269919,107,10.785
129327,110664,89,50453,43748,87,1509,1220,14,3067,2719,34,6667,5820,49,11085,9334,57,241358,212563,104,10.785
46250,45859,74,27192,27146,72,645,592,0,1201,944,0,2133,2429,24,3960,4511,32,73138,75129,88,10.788
149392,123989,90,54804,46123,90,1730,1482,17,3912,3388,35,7409,6062,52,13177,11956,60,277477,241877,107,10.8
55630,59276,65,23894,23900,73,598,623,0,1000,1228,11,2948,3087,31,5804,5316,42,124399,118936,89,10.801
75046,75262,78,23095,22747,67,1100,1070,7,1963,1929,27,3471,3239,33,5990,6051,40,122378,118733,93,10.812
174939,148950,105,54015,44918,93,2570,2130,27,4556,4035,39,10691,9540,62,19233,16902,87,398920,346569,109,10.8161
126013,120344,86,45269,43252,81,1962,1518,22,3076,3022,27,6308,6026,42,10791,10291,61,242460,234280,100,10.8181
226926,174179,99,106788,85434,99,3216,2238,33,5497,4691,46,10461,8133,57,18667,14237,85,383949,302494,116,10.8201
108116,101657,86,45774,43006,83,1945,1717,20,2626,2469,29,6817,6295,44,11924,11188,63,249175,236534,100,10.8211
128779,122708,85,48533,46062,82,1707,1617,21,3679,3215,31,6969,6676,46,11658,10960,57,260018,243286,100,10.8231
120647,116998,83,40685,39070,80,1547,1663,17,3445,2683,37,6316,6138,44,9800,9507,52,218643,203667,98,10.8241
82779,82871,79,30432,29948,76,987,1220,10,1936,1787,23,4056,4251,34,8733,8270,52,180743,173454,94,10.8291
135099,113421,106,44767,37874,87,1956,1529,20,3480,2900,34,6693,5589,52,13720,12073,71,279842,241338,106,10.8391
66274,65104,88,22313,22219,64,678,824,0,1663,1289,19,3833,3622,34,6474,6459,45,133132,126078,92,10.8401
84212,83010,79,37612,37260,76,1262,929,0,2129,2122,26,4880,4659,37,8474,8493,50,192328,190876,94,10.8421
105693,102757,86,34630,34087,79,1835,1657,21,2820,2657,29,6120,6016,41,10495,9769,68,213559,204676,98,10.8421
187126,139769,102,68939,51446,97,2970,2062,35,4940,3355,46,10168,7768,62,19053,13288,76,384609,282118,115,10.8441
90341,89336,87,25777,25109,74,1546,1506,16,2571,2114,28,5252,4917,38,8326,8018,49,167122,160499,94,10.8551
204228,165419,98,83257,66817,97,2586,2158,30,5119,4429,41,10038,8233,59,16805,13726,73,352668,304149,114,10.8611
138945,115522,92,52541,43653,89,2107,1830,25,3245,2334,35,7116,6229,46,13340,11095,74,270998,230624,106,10.8621
78883,77624,91,31972,31695,76,1107,1036,5,1478,1701,22,4460,4456,36,7568,7816,50,160241,155389,93,10.8711
85222,82029,81,31117,30427,77,1094,988,0,2076,2122,23,4667,4469,35,7436,6830,46,164394,158939,95,10.8751
125393,116576,84,48156,44043,83,1862,1691,21,3074,2850,32,7009,6722,44,11619,10344,64,257376,241720,101,10.8751
141406,114778,91,53528,42966,89,1682,1370,18,2567,2094,29,6526,5010,49,12030,9882,63,259924,208434,107,10.8771
130505,116705,104,50199,45515,87,1940,1638,25,3643,3478,34,7156,6547,46,12739,11759,61,261506,241400,104,10.8771
187310,140102,98,60386,43303,95,2569,1747,34,5010,3604,49,10826,7933,65,19261,13816,82,405385,297093,113,10.8821
169655,131289,98,61307,48100,94,2196,1725,27,3491,3200,37,9127,7306,60,17537,14217,76,353657,277539,111,10.8941
117707,108584,85,50858,46588,83,2080,1463,23,3530,3375,34,8496,7813,49,15472,14368,73,319518,296886,101,10.8961
236427,185617,108,102636,81301,104,4070,2870,37,8077,6349,52,15772,12889,70,27370,23218,93,576769,498654,121,10.9021
186817,139836,96,70881,51974,96,2535,1984,27,4525,3499,43,9755,6950,58,16761,12837,79,369481,285500,113,10.9031
92254,92713,80,39871,38710,78,1372,1294,15,2528,2371,25,4784,4609,39,9188,8921,53,201136,191728,96,10.9031
79058,76957,81,29155,28655,76,923,926,0,1694,1533,24,3913,3937,34,6491,5843,50,145949,144961,93,10.9062
233560,170024,104,77439,54167,103,2896,2153,31,5354,4267,47,11844,9130,60,21546,15352,99,453432,333097,118,10.9062
127091,118899,86,54912,51579,84,1647,1853,18,3113,3146,33,7439,7017,47,12469,12287,66,255425,245362,102,10.9092
81872,77624,89,29318,28824,77,1550,1265,15,1956,1983,22,4651,4424,39,7451,7041,51,174506,165372,95,10.9152
143586,119303,92,39880,31047,91,1840,1512,21,3876,2937,44,6814,5892,46,11563,10393,67,254539,213177,107,10.9172
139656,119118,92,47573,40414,89,1665,1626,19,3673,2701,39,6761,5673,47,11598,9668,63,242001,211774,106,10.9182
171644,133576,96,61675,47814,92,2600,1993,28,5241,4067,50,10972,8601,60,19005,15058,75,401602,319668,111,10.9212
130466,113612,94,50975,44705,88,2117,1823,24,3681,3121,32,6864,6056,48,13088,11740,62,266102,242597,105,10.9272
125330,108782,86,49063,41924,87,1743,1598,19,3084,2832,35,6716,5879,48,11492,9639,65,251781,223724,103,10.9352
108678,103117,86,47207,43659,82,1119,1244,11,2983,2329,31,5287,4954,42,9584,8794,58,209219,199588,99,10.9572
107653,101320,86,28588,25479,81,1819,1660,22,2948,2487,30,6350,5842,43,11732,10843,52,232142,222679,98,10.9632
72468,72436,80,24827,24626,75,844,614,0,1370,1471,18,3325,3545,31,4854,4655,37,141860,141434,92,10.9832
89614,87796,81,30282,29359,77,1416,1345,16,1969,1933,21,4634,4364,38,7998,7610,56,170853,161924,96,10.9892
73840,73020,79,18885,18851,55,1014,983,0,1339,1346,14,2780,2712,28,4716,4380,39,101188,97837,93,10.9912
137785,111604,95,50011,39435,90,1626,1197,12,3912,3031,37,7610,6321,51,13105,10699,70,268004,221209,107,10.9912
65923,65638,85,17658,18258,50,817,814,0,1404,1844,19,3228,3213,32,6147,6275,44,123878,117249,91,10.9912
83238,87185,76,24705,24727,75,1553,1530,17,2600,2331,30,5824,5946,42,10588,10700,54,217497,205727,93,10.9953
150988,115520,103,60950,46374,92,1809,1463,24,4522,2994,49,8430,6447,55,14778,11347,68,301618,238722,110,11.0043
122670,111980,89,34476,29951,85,1298,1357,14,3312,3102,32,7130,6378,47,12119,10822,55,245732,229223,101,11.0383
102934,101914,79,40423,40326,78,1248,1380,13,2781,3069,26,6116,6295,40,11346,10417,60,236396,222061,96,11.0383
114522,108146,88,41878,39828,83,1759,1424,19,3342,2655,35,6207,5712,41,10383,9271,58,226939,212404,101,11.0463
155680,129919,93,63629,53854,92,2097,1852,26,3599,3122,35,8265,7171,53,14627,12492,63,327269,290256,109,11.0533
107354,103008,86,39360,38201,81,1657,1312,19,2618,2919,27,6460,6231,45,10591,10283,59,241655,228672,99,11.0543
192862,148945,98,68994,53065,97,2671,2068,28,4307,3774,42,10411,8148,61,17637,14119,71,362649,278709,114,11.0573
164787,138573,98,51412,42228,91,2365,1906,29,3633,3296,37,7984,7175,46,12107,10411,58,274874,236004,108,11.0643
129197,119104,93,57807,53862,84,1945,1648,22,3284,3136,30,6010,5844,41,10388,9756,53,219208,207051,101,11.0763
115154,110682,89,40835,39195,81,1507,1247,17,2794,2570,26,6087,6056,44,10542,9706,60,218099,211507,99,11.0864
165333,126833,104,58112,44563,96,2240,1874,25,3573,3247,34,8422,6415,54,14905,11898,69,310182,241732,113,11.0914
96090,95628,80,28745,28492,77,1419,1429,15,2597,2439,29,5899,5697,42,11533,11079,67,244642,231804,95,11.0924
98515,95843,81,16618,16333,51,1341,1593,16,3088,2667,29,5712,5737,40,9830,9631,58,217190,207896,96,11.1034
148357,124663,106,50632,42104,89,1966,1550,25,3691,3298,34,8112,7439,49,14400,12120,71,300707,258321,106,11.1034
154802,131861,90,53212,44251,90,2291,1721,22,3394,2426,37,7092,5882,51,12578,10689,62,255517,225581,107,11.1144
117891,111188,89,54862,52045,84,1970,2106,20,3462,3051,34,7032,6883,43,12071,11705,59,258642,247391,101,11.1224
163712,133396,96,57095,46380,91,2388,1660,28,4601,3716,39,10258,8075,62,18506,15537,83,384567,319622,111,11.1274
136747,112086,91,52211,43475,88,1802,1581,21,3453,3051,35,6712,5654,46,11950,9424,68,265660,216902,106,11.1314
102261,101501,80,27493,27454,70,1101,1176,11,2450,2558,27,5031,4930,39,8553,7869,49,203352,196574,97,11.1314
70398,69075,80,19302,18991,56,894,941,0,1657,1523,22,3272,3458,30,5984,5425,45,115145,112567,92,11.1354
170878,149537,99,51260,45411,88,2635,2377,26,4418,4373,34,9595,8764,50,17376,16214,76,347355,324701,108,11.1374
187661,148811,99,64208,50602,95,2877,2202,29,4675,4052,44,10678,8453,62,18961,15188,87,360749,286927,112,11.1384
135931,123167,87,47846,43444,85,2180,2309,22,3701,3548,32,9127,8752,48,15744,14082,70,334652,314204,103,11.1394
80926,78136,90,24631,24533,67,931,950,0,2451,2047,25,4643,4681,37,8295,8130,46,165951,159744,94,11.1414
236156,175888,121,81019,60680,104,3595,2659,34,5874,4746,53,12487,9384,67,21688,16924,81,450021,357272,122,11.1464
98133,97613,83,29936,29892,76,1611,1619,21,3041,2755,29,7012,6604,44,11338,10126,60,243395,232614,96,11.1464
63199,64696,74,24739,24525,70,791,894,0,1857,1386,19,3525,3059,36,4720,4318,40,108936,109206,91,11.1534
200673,151440,108,73215,54437,98,2734,2417,26,4551,3673,43,9681,7500,58,15045,12169,69,335530,265119,113,11.1554
114569,111288,81,38295,37262,80,1917,1954,20,3344,3079,34,7432,7533,45,13478,13423,66,275160,261835,97,11.1554
178947,151431,99,75238,63917,96,2142,1678,26,4650,3734,41,10050,8808,53,18600,15496,78,365638,314670,113,11.1654
181568,146983,94,68439,54385,93,2417,1908,27,4656,4075,39,9421,8267,55,16624,13818,72,334966,276419,111,11.1654
101739,98252,87,46203,45329,80,1763,1382,23,3442,3218,34,7016,6315,47,13072,12375,65,243000,230332,97,11.1724
67427,67248,80,24217,23991,74,1264,973,0,1500,1983,16,3409,3367,31,6546,6177,44,114679,109673,92,11.1785
109992,106214,97,35718,34612,80,1556,1442,16,2279,2908,27,6788,6398,47,12081,12196,61,245236,237704,98,11.1865
241670,178972,116,66159,48963,111,3653,2694,34,6253,4730,46,13344,10030,64,24049,18980,86,503793,393769,128,11.1905
117756,112161,89,30075,28803,80,2000,1948,22,3059,2859,31,6776,6852,42,11011,11309,54,232231,226009,99,11.1945
111007,107082,85,21352,20900,60,1776,1755,19,2809,2510,28,6156,5453,47,11513,10486,61,238420,221071,99,11.2105
97835,95522,83,25555,24838,78,1858,1726,19,2058,2740,21,6264,5784,43,10420,10109,54,226678,220050,96,11.2125
154456,130639,92,46779,38534,90,1784,1602,20,3765,3003,38,7410,6502,50,12874,11692,59,276059,237124,108,11.2125
118942,110833,86,49117,45574,82,1498,1397,17,3123,2649,29,6177,5506,45,11144,10908,53,228255,217618,101,11.2165
114715,109938,84,42049,40950,81,1624,1501,16,2544,2759,28,6467,6383,44,11945,10904,61,245933,240121,99,11.2245
73149,71568,78,21070,21021,60,1076,966,0,1444,1191,19,3754,3674,34,6825,7564,40,145903,141926,93,11.2355
70901,71470,79,24911,24849,70,774,803,0,1497,1280,15,3288,3230,30,5800,5386,43,130513,127005,92,11.2465
67653,65493,81,26161,26050,76,498,771,0,1294,1263,11,2512,2265,29,4114,4377,34,109538,104537,93,11.2505
132229,118863,89,53655,46950,87,2097,1891,22,3311,2863,32,7068,6193,49,13127,11290,73,272613,243165,103,11.2595
178248,155621,100,64134,55452,91,2678,2264,27,3838,4049,32,9574,8688,53,16712,15142,70,348231,305688,109,11.2776
141534,133333,101,59566,57302,83,1668,1747,19,3568,3208,35,7682,7468,47,14162,13639,75,307044,285842,101,11.2796
76954,75662,93,22562,22448,63,1197,1046,9,1372,1619,18,3612,3514,34,6056,5481,45,136915,131647,93,11.2836
70713,69536,88,18544,18265,54,855,1049,5,1659,1872,20,3896,3883,33,7321,7439,45,157692,158733,92,11.2846
107000,104972,85,52195,50902,80,1332,1408,15,2733,2471,32,6305,6190,44,10219,9121,57,211006,204457,97,11.2846
117023,111122,87,40256,38630,82,1952,1817,21,3352,2959,31,8101,7531,56,13565,13311,64,296777,285290,101,11.2866
151877,136546,86,44535,38576,86,2357,2056,24,3475,3314,34,8457,7625,52,15842,13944,69,317970,272248,103,11.2906
128020,120588,85,41315,38614,82,1392,1231,13,3758,3316,33,5853,5755,42,10196,9977,55,223691,214680,101,11.2936
86253,86436,87,26569,26358,76,1387,1164,13,1578,1415,18,4498,4221,37,8657,8678,49,179883,175047,94,11.3086
139906,130447,95,64884,62027,84,1836,1931,23,3661,3350,37,7355,6917,48,13964,13437,69,279995,258833,102,11.3096
119351,114200,89,40730,39194,81,1409,1425,15,2666,2962,27,6442,5967,42,11513,10702,66,230181,217853,99,11.3266
210787,162407,98,71038,53884,96,2805,2117,32,5890,4420,48,12717,9455,69,23564,17703,97,473528,368158,115,11.3286
203204,150516,108,74549,54633,101,2603,1711,31,4663,3676,44,10496,7602,63,19601,14923,81,406640,316449,120,11.3366
137321,123803,91,53926,48375,87,2372,2078,27,3699,3165,36,8397,6946,55,14802,13681,71,298958,276699,104,11.3386
108037,105135,85,29325,28509,81,1658,1569,19,3154,2460,32,5817,5634,41,9440,9510,52,212299,205688,99,11.3476
147171,127843,92,41516,35954,90,1943,1838,20,3329,3199,36,6615,5807,44,10824,9920,61,245102,221424,107,11.3516
143663,135213,91,61574,58202,85,2587,2265,26,4914,4523,39,8780,8697,51,16292,15822,73,356785,337598,102,11.3547
163870,123012,95,61109,45908,94,2704,1760,34,4452,3363,38,9588,7670,58,17100,12893,79,374207,286144,111,11.3577
237077,192480,105,138485,115233,101,4367,3530,37,8885,7425,50,18736,16145,76,31121,24969,103,686052,581771,118,11.3587
142312,124253,91,48351,41623,88,1753,1389,19,2771,2348,31,6769,6053,46,11006,8946,57,217307,192468,103,11.3777
138742,120542,89,39435,32647,88,1835,1605,19,3255,3222,34,7995,6917,52,13954,12723,72,284628,257737,105,11.3797
103034,98425,86,40684,40216,80,1510,1474,16,2592,2577,27,5259,5108,40,8178,7826,48,179575,175944,98,11.3797
186971,143883,100,76537,58930,96,2814,2236,30,5129,4093,46,11156,9339,57,18156,14853,80,400000,342328,114,11.3847
97890,96169,80,32382,32219,78,1700,1420,19,3035,3103,29,6491,6272,42,12242,12073,62,239875,231351,97,11.3847
173112,134345,113,63961,50555,96,2370,1979,27,3399,3025,34,7661,6628,51,13899,10987,65,296281,241094,114,11.3867
82499,81135,81,38617,38378,78,841,834,0,1540,1759,19,4062,3893,35,6020,5941,43,145299,141161,94,11.3887
202584,166556,101,73228,61798,95,2864,2139,31,5203,4405,42,10141,8671,56,17309,14006,75,374828,313135,114,11.3927
130000,112259,89,55091,46993,87,1667,1589,19,2645,2464,28,5846,5052,42,10199,8460,60,229428,195115,104,11.4017
150919,126248,94,54835,45738,90,2338,2076,23,3950,3605,34,8327,7150,53,13959,12087,76,308035,263866,108,11.4027
115232,112210,93,47637,45830,81,1616,1445,19,2806,2856,28,7132,6769,43,12501,11965,65,276243,264040,98,11.4047
107440,102959,82,42075,40434,80,1737,1565,22,3146,2995,35,6303,6206,45,12008,11571,65,251059,234553,98,11.4047
124898,118203,86,44474,41439,85,1895,1594,22,3210,2410,30,6818,5934,48,11922,11138,62,241490,223147,101,11.4137
116530,112357,84,29177,28570,80,1398,1207,16,2678,2649,31,5500,5085,40,10143,9037,57,197318,188365,99,11.4237
128400,121844,85,54532,51292,84,1252,1479,16,3075,2969,30,6264,5949,42,11523,10452,60,236638,216539,101,11.4347
137986,120074,90,57435,48656,89,1870,1853,22,3668,3380,35,7772,7027,49,13424,11664,61,282350,252080,106,11.4347
143072,124426,99,54772,47407,89,2267,1685,24,3668,3323,35,8596,7504,52,15572,13647,67,319851,290371,106,11.4518
111835,110126,81,45735,44834,79,1949,1947,19,3244,3027,35,6063,5725,42,10046,9940,53,213469,205533,97,11.4538
120007,113102,86,51830,50004,83,1823,1854,19,3393,3142,34,6465,6262,42,12544,12412,66,249478,234377,101,11.4728
228731,167593,108,68301,47782,104,3066,1981,36,6059,4326,51,12171,9301,68,20267,15051,88,469122,343463,122,11.4758
152418,141459,86,61598,56494,87,2517,2275,26,4815,4166,38,9787,9453,52,17507,16725,64,357680,337653,104,11.4768
163208,142397,96,76223,67035,90,1970,1856,23,4647,4102,39,9015,7871,55,14193,12783,76,314561,288240,106,11.4828
116325,106220,94,46330,41690,83,1504,1453,15,2683,2737,28,6345,5788,44,10577,9215,59,245709,224584,100,11.4868
91217,88966,83,25017,24715,67,1167,1172,10,2425,2645,27,5253,5355,38,9715,9883,57,199593,187581,96,11.4928
97000,94913,87,24476,24025,68,1512,1403,14,2230,2034,26,5184,5330,38,8746,8707,52,190576,183961,96,11.4938
164687,131897,96,64684,51085,93,2497,1828,27,4149,3473,39,8984,6987,58,15380,11948,79,300342,239800,110,11.4978
104639,102255,83,43521,42806,80,1225,1364,15,2784,2430,29,5240,5091,39,9415,8693,60,186500,181125,98,11.4988
139708,121231,91,47666,40214,88,2234,1481,23,3527,3017,34,7544,6909,45,13357,12096,63,301444,267188,105,11.4998
120575,107199,88,50207,43363,88,1529,1185,13,3012,2778,28,6387,6054,43,11383,9967,55,259615,230152,104,11.5128
185822,150228,100,66545,53254,95,2741,2093,28,4235,3446,37,10103,8347,60,17698,15099,72,364397,310016,113,11.5138
142981,126106,102,50831,44572,86,1761,1406,20,3877,3621,41,7489,6832,46,12623,12044,63,279158,252959,105,11.5168
128835,116732,93,48531,43093,86,2091,1779,20,2975,3052,31,6976,6356,44,12664,11384,62,271605,249754,102,11.5228
55214,56290,74,21842,21838,65,609,768,0,1008,1176,9,2257,2544,23,3788,4011,31,86620,85766,90,11.5248
106046,103197,84,34500,33792,79,1591,1676,20,2712,2642,30,6372,6139,43,11588,10951,59,240925,232679,98,11.5268
129937,118368,85,48415,42714,85,2224,2249,25,4090,3831,37,8210,7224,54,13578,12981,58,292473,272445,102,11.5268
134289,117568,89,43376,36607,88,1762,1541,18,3633,2998,37,7372,6663,49,13006,11825,65,283026,246532,104,11.5349
134751,116222,90,42831,37102,88,1865,1873,21,3042,2628,34,8318,7317,52,14855,13084,71,302131,275395,104,11.5359
192036,148674,98,67497,53249,96,2690,1860,30,4873,3481,41,10276,8070,60,17734,13574,81,380008,308168,114,11.5399
134497,125237,97,42865,39191,87,2321,1919,26,3948,4088,33,8436,7807,52,14218,14043,63,295100,276075,104,11.5429
117642,115169,82,32351,31879,78,1879,1734,23,3418,3075,32,7151,7104,46,13335,12482,65,291012,271983,98,11.5469
89738,89319,78,32442,31867,77,1063,1032,6,2310,2399,22,4087,3685,38,7443,7643,49,145623,144115,94,11.5519
147202,133555,104,57517,51673,88,2349,2189,22,3341,3360,31,7870,7020,50,13725,12854,63,266661,257639,105,11.6149
104758,103216,84,36299,36041,78,1556,1570,18,3261,3488,29,6142,6159,41,12541,11442,61,254843,249828,98,11.6149
74669,73017,82,32411,31874,77,1021,1002,1,1832,1701,23,3582,3609,34,6922,6658,44,146756,139839,94,11.6149
74745,73028,80,26406,26287,76,1041,1128,8,1670,1467,21,4212,4006,35,6790,6695,43,151028,149978,94,11.6169
87744,88019,80,27052,26829,76,972,862,0,2122,2263,24,4399,4485,35,6550,6306,45,158085,156573,95,11.6189
179425,139898,96,64142,49158,94,2028,1378,23,3515,3060,37,8961,6748,53,14536,11064,77,318420,252148,111,11.626
94468,92081,90,30132,29627,79,1637,1568,22,2970,2803,30,5428,5370,39,10084,9842,50,213681,204336,97,11.627
117289,108668,92,56149,52149,85,1775,1601,19,2865,2728,30,5884,5542,46,10505,9795,55,224816,206911,101,11.644
75882,72951,85,24281,24027,72,482,670,0,1438,1575,16,3461,3339,32,5320,5206,40,125720,120231,93,11.652
98196,95478,82,28089,27716,78,1187,1249,12,2490,2527,28,5005,4830,40,9847,9098,54,212032,206161,97,11.655
108936,105862,83,38497,37753,79,1581,1461,17,2007,1806,24,5239,5288,38,8954,9412,56,189083,182482,97,11.656
149387,128507,99,64974,56431,89,2254,1917,24,3771,3201,35,7961,6992,50,15723,14047,72,300851,263499,106,11.656
112671,108446,85,34862,33908,79,1558,1612,18,2836,2663,30,5451,5673,40,9682,9276,59,195084,190681,98,11.663
282078,241394,107,166222,146577,107,6583,5447,40,11064,9472,61,22818,19848,85,38313,32691,107,809197,695831,124,11.663
175838,142531,106,69087,54345,93,2703,1804,29,3974,3243,39,9760,7778,58,16082,13103,73,357737,296527,110,11.664
165025,142358,92,58856,50708,91,2012,1657,24,4339,3395,38,8600,7430,54,13748,12276,61,305519,278326,108,11.667
108528,101218,90,51278,48627,82,2060,1953,22,3513,3364,33,7242,7181,47,11829,11186,56,256114,248841,99,11.677
136809,128993,86,61631,57879,86,1946,1893,22,3580,3342,31,7064,6415,47,12004,11303,70,248483,232317,102,11.693
167927,141375,95,49280,41084,89,2211,1670,23,4256,3819,38,8292,7008,53,15283,13629,70,305519,273320,108,11.701
194756,159469,97,85699,72195,95,2489,2208,25,4322,3789,40,10621,9269,56,18690,16218,76,413067,358565,112,11.705
123213,102242,90,45297,37230,88,1982,1366,23,2347,2537,25,6577,5645,45,11630,9822,63,250290,208168,105,11.7141
87294,84041,95,34122,33731,79,1504,1257,14,2094,2129,23,4509,4233,37,7785,7677,46,175384,163345,96,11.7161
114138,107536,99,49848,48074,81,1717,1383,17,3081,3072,30,6166,6239,42,10660,10057,52,224211,223927,99,11.7221
209523,169095,99,69770,56935,96,2955,2569,28,4803,4212,41,12267,10169,61,19890,17468,89,430870,376540,112,11.7261
205771,180255,99,95460,84080,95,2968,2656,28,5419,4385,46,12522,11080,61,21844,18910,93,439858,394078,112,11.7381
134377,115648,90,47634,40233,88,1762,1654,20,3194,3059,36,7599,6899,50,13146,11755,62,284114,252283,105,11.7381
99112,99567,80,34228,33633,78,1613,1666,18,2656,2889,28,6801,6321,46,12339,11810,67,271589,257165,96,11.7421
145865,118463,92,48568,39088,89,2049,1588,24,3941,2964,38,7968,6472,53,14522,12131,68,306494,262570,108,11.7441
153925,128395,93,52469,44249,90,2065,1604,22,3654,2921,33,7717,6701,52,14034,11218,69,300947,247762,108,11.7641
90597,87533,80,33848,33081,78,1151,941,0,2281,2186,28,5440,5397,43,10840,10527,57,206325,200294,96,11.7871
167807,137596,96,61386,49510,94,1798,1724,20,3619,3254,36,8244,6782,51,14830,12036,72,308332,257900,109,11.7871
156224,129039,109,59000,48702,92,1966,1820,23,4228,3640,35,8974,7331,55,15315,13328,70,338076,295213,109,11.7931
85682,81211,87,29581,29359,77,754,760,0,1853,2117,21,4437,4633,36,6730,6715,42,147693,144064,95,11.7941
190441,172718,95,90572,83204,92,3164,2969,30,6576,6132,44,14205,13422,65,24532,21905,97,499663,460841,110,11.7941
105349,101560,82,37817,37175,79,1368,1354,17,2906,2937,28,6090,5815,41,11092,10534,61,223859,215209,98,11.8022
133649,117015,97,48171,42422,88,1831,1622,20,2943,2711,31,6836,6090,47,12580,11293,59,269819,253657,105,11.8042
116530,112334,82,48292,46037,82,1545,1410,17,2985,3053,29,6586,6014,43,12005,11832,62,250457,239081,99,11.8072
83062,81638,75,30661,30150,77,983,1095,8,1783,1759,20,4707,4578,39,7629,7752,49,169692,161877,94,11.8092
274235,164772,113,112993,71870,111,4457,2884,41,7860,5102,57,18408,12549,81,33589,22037,112,704843,485803,127,11.8112
189834,147398,97,63707,48756,96,2184,1655,27,4009,2977,38,10330,7792,65,16886,13143,68,360572,287411,114,11.8192
243277,171129,111,96020,69933,107,3504,2795,37,6500,4762,51,14110,10328,67,22703,16684,84,492224,372348,125,11.8242
211002,157804,100,83874,63707,99,3060,2057,32,5259,4335,41,11097,8291,59,18119,13475,80,400998,310663,117,11.8272
91877,87371,83,24253,23919,67,1232,1143,11,1955,2260,21,4450,4188,38,8240,7828,47,182650,175222,97,11.8322
168720,149131,95,53969,45640,90,2893,2189,31,4218,3707,42,9766,8721,53,16772,14036,73,372639,326209,107,11.8362
198284,146499,116,69349,52935,97,2375,1724,29,5262,3969,47,10198,7569,62,18575,13978,76,409457,320942,116,11.8412
160361,145124,90,73566,67399,86,3448,2905,31,6384,5692,50,11704,10854,64,20116,17651,76,406032,361440,105,11.8682
86200,85421,79,42733,42849,78,1101,1344,12,2435,2323,26,4567,4487,38,7932,7640,45,177577,173078,95,11.8762
126438,110916,88,46700,40824,85,1412,1424,16,3245,2807,34,6749,5901,45,11211,10307,57,265071,237922,103,11.8812
171774,136823,94,48010,36969,91,2133,1772,23,3968,3289,38,9104,7662,54,15649,12704,73,314649,260499,110,11.8842
160050,137402,94,50602,41462,91,2104,1805,21,3837,3212,40,9326,8216,54,17022,14963,74,350373,299239,108,11.9003
113120,101012,85,36271,30861,84,1486,1474,15,2533,2081,32,6271,5316,45,10829,9236,55,225843,195824,100,11.9023
93881,91681,79,44924,44336,78,1173,1256,12,2219,2066,27,5206,5080,40,7565,7729,49,185476,179578,95,11.9033
223692,162904,103,84737,60092,101,2698,1931,31,5069,3781,45,11114,8138,65,19034,14062,85,409779,301964,118,11.9243
116754,105216,86,46653,41431,85,1550,1545,18,2877,2519,33,6673,6058,46,12216,10663,66,256346,232532,102,11.9353
122889,119140,84,40545,39650,81,1944,1664,20,3683,3483,36,6661,6494,44,12776,11896,69,260492,244941,100,11.9393
216221,172352,101,77881,61581,99,3090,2371,31,4919,4554,40,10437,8708,60,18461,14759,84,359015,303263,116,11.9423
144846,121079,92,63531,52307,90,2034,1717,20,3027,2683,35,7854,6577,52,14761,12446,75,307343,250810,106,11.9824
107149,100117,83,43195,40003,82,1621,1461,15,2982,2306,30,6285,5861,48,10633,10135,54,228247,212523,99,11.9824
77261,79469,77,19435,19736,52,1081,1080,8,2243,2051,26,4135,4055,35,8446,8175,48,172370,164820,93,11.9824
107539,101721,89,42239,40061,81,1689,1454,19,2779,2454,32,6163,6261,39,11465,11261,59,248121,234666,99,11.9944
75353,74922,80,31934,31766,75,793,1039,5,1689,1457,19,3932,3979,33,5671,5254,41,145174,142477,94,12.0074
243753,193722,109,117269,94912,100,3784,3062,35,7352,6182,52,16767,13277,72,29159,23051,98,608837,486452,118,12.0194
67342,67707,80,19059,19234,55,1441,1436,13,1598,1646,18,3798,4139,33,6594,6392,45,135340,133500,91,12.0254
133288,113339,95,50466,43273,88,1671,1372,17,2756,2537,34,6342,5519,45,10736,9683,58,234211,202909,106,12.0254
84916,83970,81,37764,37624,78,815,972,0,2187,2370,23,4625,4698,35,7424,7588,43,166364,156641,96,12.0334
112189,107454,88,32362,31168,81,1531,1347,16,2380,2528,28,5332,5375,43,8358,8068,47,183826,175622,100,12.0354
126791,110726,88,46046,38239,87,1772,1327,22,3353,2524,36,7460,6587,50,12116,10238,64,264403,228736,103,12.0354
170523,137407,97,61769,49410,93,2384,2096,28,3727,3135,38,9096,7358,54,15827,13239,75,322857,267271,111,12.0504
105622,102592,82,26882,26088,78,1629,1531,17,2335,2499,25,5838,5410,42,9349,9226,53,205080,191807,98,12.0524
99339,95588,82,23026,22571,63,1316,987,0,2517,2447,27,4946,4698,39,8781,8518,51,183738,177397,97,12.0564
165044,148544,95,62903,56735,88,2187,2072,25,4254,4408,34,9233,8611,54,16415,15465,71,346334,319894,106,12.0574
254373,177871,105,73223,49824,103,3993,2716,39,7453,5133,65,16129,11007,75,29150,20286,109,603414,420098,122,12.0644
128049,121482,86,38894,37027,83,1998,2068,24,3086,2919,30,7599,7034,47,12660,11919,57,296195,282753,101,12.0654
135703,120234,92,48136,42391,88,1938,1941,21,2972,2868,30,6865,6273,48,14350,13268,73,276798,261955,104,12.0684
99317,95986,89,29752,29267,78,1038,966,0,2318,2174,28,5217,5314,40,9740,9526,54,205501,197650,97,12.0684
139138,119812,90,41770,34937,88,1395,1118,14,2928,2559,32,6188,5292,47,10581,8843,63,233319,201897,105,12.0704
103482,102554,81,29553,28916,78,1713,1811,19,3030,2998,32,6795,6662,43,11552,11558,60,259172,242095,97,12.0785
144289,119723,95,53683,44519,90,2005,1754,24,3102,2627,33,7052,6008,48,11114,9462,63,227118,194069,107,12.0805
98105,94916,83,32854,32326,80,1170,1105,9,1807,2235,21,4759,4782,38,7504,7258,47,170909,164448,98,12.0995
187362,145160,101,66743,51639,98,2444,1773,28,4221,3179,41,9226,7430,58,14987,11694,68,311767,239118,114,12.1055
188120,151455,96,70945,56383,94,2310,1856,26,4651,3451,41,10343,8501,57,17548,14239,69,367646,310042,111,12.1055
125218,104851,96,46905,39089,87,1364,1198,9,3003,2537,34,7079,6414,48,12937,10904,62,276405,236609,105,12.1065
109202,101826,83,64179,60361,83,1379,1272,15,3053,2731,33,6085,5667,42,10141,9481,63,210751,197380,99,12.1235
103115,100091,86,48526,47616,79,1290,1150,13,2447,2263,29,5835,5726,43,10943,11223,54,219707,214256,97,12.1235
77171,76644,78,21388,21485,58,920,1156,10,2195,1946,27,4095,4249,33,7679,7474,48,162382,159903,93,12.1245
153894,129039,106,49133,40700,91,1846,1632,22,3589,2993,36,7412,6340,48,13067,11639,68,276795,241819,107,12.1275
187371,137695,114,69639,51692,96,2541,1886,29,4872,3761,44,10331,7863,59,17526,13350,80,374122,282626,114,12.1445
111615,107844,82,39378,37228,80,1842,1844,18,3112,2669,32,6661,6574,45,12446,12199,65,252369,238570,98,12.1475
135389,123116,88,51161,46353,86,1711,1662,19,3504,3370,30,7397,6766,53,13092,12345,60,290859,265095,104,12.1495
102817,98451,93,29268,28903,78,1204,1139,11,2659,2911,27,5629,5627,40,10022,10032,55,215269,205173,97,12.1505
206614,173943,104,84230,71132,97,2914,2282,29,5939,4975,46,10729,9218,57,18179,15856,73,397416,352023,114,12.1515
115933,106212,93,35573,32952,83,1991,1746,22,2764,2871,32,6431,6222,44,12375,11560,62,265264,254281,102,12.1766
113446,107954,85,29788,28979,80,2053,2109,21,3318,3477,27,7315,6900,46,11819,11324,63,253465,243192,100,12.1816
119992,113622,94,38694,37340,81,1515,1483,15,2723,2749,31,6792,6614,44,12454,11641,65,253595,236717,100,12.1916
184603,134251,99,56726,40156,96,2624,2053,28,4702,3767,41,10911,8071,61,19568,14682,79,408843,307697,115,12.2046
225669,194220,102,143403,127471,98,4693,4036,35,10088,8818,55,19800,17632,85,33200,29652,99,679094,601358,115,12.2066
84006,82836,79,29612,29362,78,1135,1262,12,1968,2075,22,5025,4674,40,8483,7957,52,182951,172714,95,12.2136
129997,123795,87,53882,51520,83,1852,1670,20,3204,3028,32,6468,6165,43,11744,10942,57,244858,223971,101,12.2156
124380,114884,87,56501,52475,84,1893,1700,20,2624,2707,31,6143,5697,46,10724,10163,54,222264,206390,102,12.2266
168867,147314,92,65907,56105,89,2006,1718,24,4564,3472,40,9439,8111,55,15475,14080,67,358573,323121,106,12.2266
90607,91443,77,36085,36190,77,1180,1013,4,2155,2344,23,4991,4589,39,8817,8735,51,197948,192606,94,12.2266
83945,83661,77,31230,30718,77,1007,1042,6,2261,2346,27,4165,3875,36,7905,7683,49,152662,146216,94,12.2286
157322,117311,93,61656,45227,94,1862,1617,22,4210,3243,42,9026,6500,59,15125,10833,75,326110,240341,111,12.2316
91854,88873,81,28473,28225,78,1342,1325,13,2122,1929,23,5213,4783,40,9280,8782,52,183429,174031,96,12.2326
137165,117782,89,49553,41490,88,1991,1508,21,3323,2638,35,7307,6273,52,14362,11982,71,285741,243633,104,12.2386
139109,120383,90,43336,37777,87,2241,1796,28,3504,3062,39,7126,6464,47,11782,10348,61,247313,217389,105,12.2386
86026,85077,82,19548,19593,53,958,1053,6,1713,1816,19,4248,4318,34,7303,7544,44,161868,153896,95,12.2386
127024,115910,87,69975,64638,85,1960,1787,22,3730,3457,38,8317,7275,50,13936,13265,68,273256,249466,102,12.2426
45599,46393,70,21900,21859,60,615,669,0,1199,1261,16,2515,2623,28,4913,5027,36,108532,110480,88,12.2466
198540,171566,102,58581,47770,95,2287,2196,25,4508,4222,38,9361,7950,57,14336,12781,69,317728,281537,112,12.2637
273376,188389,108,111488,77254,107,4265,3121,38,8214,6045,56,19811,14109,85,33140,24140,109,767478,577273,125,12.2657
95165,91844,80,33006,32812,78,1547,1407,14,2712,2680,28,5522,5215,41,11058,10427,55,212880,204081,96,12.2837
127388,112183,92,48192,43189,87,1677,1608,18,3299,3606,32,7693,7043,48,14657,12902,71,308749,282106,105,12.2897
107610,105450,83,38948,38002,80,1643,1639,19,3135,2835,33,6754,6197,47,11843,11081,57,255989,251257,98,12.3007
190933,156287,97,63350,52288,95,2660,1966,27,4977,4282,41,9525,7860,53,16225,14009,73,364608,303764,114,12.3127
139358,119036,92,50880,42374,89,1675,1418,16,2767,2625,29,6291,5327,45,11671,9404,63,249508,210507,105,12.3217
270220,202528,122,128598,98405,114,4525,3532,38,9266,7093,54,17809,14338,76,32373,26028,115,652588,532478,130,12.3217
101307,95781,83,43718,42517,81,2263,2154,23,3759,3753,35,8011,7928,47,15008,14844,60,315585,298021,97,12.3237
144016,124950,90,52789,45324,88,1974,1667,21,3236,3032,36,7885,7362,50,13925,11684,71,295175,249063,105,12.3327
200355,160107,99,77836,63879,95,2449,2203,27,4227,3509,41,10108,8125,54,17852,14544,82,371004,306870,113,12.3327
158519,127481,98,60741,48467,93,1824,1451,21,3698,3326,36,7950,6262,51,14539,11484,65,294160,232392,110,12.3377
193750,150253,99,61066,47021,98,2826,2033,32,5272,4677,38,11021,9043,60,19910,15518,80,372006,302292,116,12.3377
149875,141122,92,60062,57601,84,2067,2034,22,3808,3768,34,8165,7826,47,14784,13878,67,316137,294446,103,12.3548
97827,96126,90,27713,27410,78,1274,1182,11,1971,2100,22,5485,5308,41,9993,9590,56,199283,195801,97,12.3748
139558,111850,96,53204,43306,90,1696,1533,20,2720,2522,29,7136,5717,52,12563,11190,70,261461,209232,107,12.3818
179260,161216,91,85281,77844,92,2995,2788,29,5206,4852,43,10274,9562,57,18287,16690,77,375500,332821,109,12.3888
93970,93689,81,33905,33198,77,1634,1646,18,1955,2263,21,4956,4952,39,8944,8896,50,172835,166003,95,12.3898
120195,111754,86,39916,36912,84,1646,1796,20,3188,3258,33,8157,7194,53,13535,12264,63,288175,269278,102,12.3898
213828,159793,113,69498,51364,97,3205,2550,32,4991,3436,42,10737,8062,56,19054,14263,94,389608,300723,116,12.4038
316017,235556,133,146466,115229,131,6089,4734,41,12314,9209,62,25308,20477,85,43160,32797,134,904115,703346,149,12.4128
119279,109491,89,54455,49570,84,1327,1325,15,3266,2972,28,6464,6298,45,10500,9285,60,224406,213931,101,12.4278
117178,110966,94,47602,46141,81,1574,1437,16,2975,2893,31,6416,6069,45,10376,10246,53,223899,220822,98,12.4339
99226,96452,80,35778,35259,77,1334,1406,16,2224,2094,26,5405,4895,42,8752,8292,49,209577,202052,96,12.4349
190744,159067,102,65299,54057,97,3207,2808,34,5169,4131,42,11959,9806,56,20039,16976,78,414966,363071,113,12.4579
101278,98002,83,30524,30252,78,1548,1407,17,2410,2429,26,6073,5689,41,10661,10236,58,218914,206911,98,12.4619
85627,85036,93,19745,19613,57,987,1174,11,2001,1846,26,4299,4135,38,7187,6724,45,148153,146426,94,12.4629
98569,97222,80,19656,19469,55,1197,1222,11,2097,1777,25,4702,4804,36,8524,8345,56,181911,177050,96,12.4649
93394,90473,86,35308,34660,78,1279,1296,14,2075,1865,23,4667,4522,38,9091,8638,53,180137,171882,96,12.4719
170061,128470,111,63100,47480,94,2050,1525,23,3967,3167,44,8133,6212,52,15217,11546,69,308813,239866,112,12.4779
276249,186723,121,78176,58590,117,3797,2391,38,6361,4046,52,13159,9146,68,23248,15050,92,487105,340487,137,12.4799
234234,182184,107,84781,64923,105,3185,2238,34,7080,5525,50,12686,10016,66,22691,18821,89,483955,399171,123,12.4809
197186,150783,112,73647,56990,101,2483,1771,26,4316,3198,40,10221,7535,58,18104,13926,79,379193,298526,119,12.4849
199220,150082,107,72852,55515,98,2639,2210,29,4390,3655,43,9888,7562,63,17392,12878,74,350343,262436,116,12.4939
215615,172043,103,75497,61017,99,3073,2553,31,5093,3982,44,12181,9884,65,19051,16041,80,437295,375700,117,12.4969
127936,121938,92,39860,38683,82,1401,1408,18,3282,3096,31,6506,6208,45,11261,10236,64,250248,235977,101,12.5189
276071,215073,113,229149,194535,113,8288,6540,46,15493,13076,67,32617,26565,114,56133,46620,116,1.04858e+06,956754,129,12.524
109172,104365,94,42919,41531,81,1634,1637,20,3364,3177,31,8211,7725,49,12867,12023,56,297818,292215,98,12.528
191040,153133,106,61694,50140,96,2831,2309,30,4912,3804,45,9932,8441,58,17481,15102,80,385509,331966,115,12.532
102406,97761,85,35709,34468,79,1742,1390,18,2715,2454,29,6039,5564,44,10574,10341,55,234569,223470,98,12.56
195195,162399,100,74917,63113,95,3722,3080,33,6378,5607,46,13623,11752,67,22617,19218,98,500979,423648,113,12.566
186496,139452,106,67377,50332,97,2729,1930,33,4312,3722,44,9766,7303,60,18291,14020,96,378452,287455,115,12.584
256701,148406,116,84323,50370,114,4059,2081,52,6993,4425,67,14776,8255,79,27751,17324,117,571271,313470,132,12.595
114683,109714,83,48429,46610,82,1939,1960,20,3114,2980,30,6071,5761,41,10402,10114,61,229190,219498,99,12.602
171019,147140,110,53435,47249,92,2496,2307,27,4993,4318,46,9593,8511,58,16619,15411,81,355478,325723,110,12.607
177431,152253,97,59289,49548,94,2242,1962,27,4475,3812,38,9343,8721,50,16425,14749,75,356110,319958,111,12.6111
132731,129228,87,61769,59665,84,2021,1934,23,3905,3837,33,9491,8988,50,15566,15575,74,328093,306079,102,12.6191
106132,105378,82,37168,36367,79,1710,1738,19,2767,2702,29,7045,6760,45,12517,12527,62,251098,239435,97,12.6221
91194,88514,85,27959,27616,77,1169,1310,13,1952,2247,21,5119,4633,40,9541,9333,53,193286,182344,96,12.6251
133490,109469,96,36536,29169,88,1534,1317,15,3121,2507,34,6693,5777,48,10040,8805,57,223136,184117,104,12.6351
113387,106916,84,33471,32509,80,1500,1323,16,2520,2481,28,7082,6645,47,12218,11350,76,262873,250522,99,12.6391
141181,120382,94,35314,29567,87,1770,1460,24,3230,2731,35,6692,5886,49,12094,9906,68,249406,220087,105,12.6451
166239,145347,95,86207,76356,91,2110,1740,27,4202,4145,37,9856,8961,53,17763,15672,79,364467,330202,107,12.6481
131185,118789,87,62673,56528,87,1560,1427,17,3608,3112,33,6676,5676,46,10472,9599,60,233388,210870,104,12.6621
175120,151817,93,74187,65422,92,2596,2082,27,4736,3681,43,10301,9309,53,18314,16503,74,369823,336227,110,12.6691
125711,121962,89,39757,38119,82,1899,1842,21,3345,3073,37,7424,7071,46,13033,12361,64,273998,263205,100,12.6731
111055,108100,84,36602,35571,79,1588,1493,16,2870,2433,33,5877,5856,40,10489,9996,58,231385,221922,98,12.6741
118367,114660,83,38775,37857,81,1436,1525,16,2792,2581,30,6913,7163,45,10843,10751,50,231661,221041,99,12.6881
151416,128361,98,49586,41112,88,1617,1514,17,3746,3222,38,7225,6148,48,12392,10391,64,277220,234872,106,12.6891
99667,97809,78,34407,34299,78,1381,1225,15,3267,2976,31,5577,5107,42,9806,9650,52,209852,198765,96,12.7032
226316,187451,112,124413,103540,101,3754,3393,34,7302,6563,54,15547,14094,72,26568,23400,94,583644,508665,118,12.7062
166720,135624,96,63492,51107,92,2260,1858,23,4312,3636,36,9362,7759,56,16417,13867,68,341866,281513,109,12.7102
195214,160232,105,65380,52314,94,3180,2299,33,5383,4837,41,10595,8928,63,18213,15589,78,363175,313004,112,12.7182
91874,88719,82,36745,36016,78,1233,1392,13,1841,2055,19,4710,4411,38,8046,7857,47,185867,176922,96,12.7202
139375,114472,109,53697,43880,109,1944,1593,21,3607,2929,35,7293,5868,51,12511,10150,65,274590,233370,109,12.7202
233392,182870,106,85469,68471,100,3437,2440,34,5617,4271,43,12138,10427,65,21294,16424,97,418893,350379,118,12.7242
144363,114274,110,54749,42932,110,1800,1360,18,3402,2643,36,6853,5548,48,12133,9825,70,247833,198385,110,12.7242
247332,185561,114,104312,80179,110,3938,3114,38,7711,5999,49,16132,11730,75,28465,22010,104,581662,447763,128,12.7262
129764,119758,102,62677,57444,84,1776,1748,19,3377,3336,36,7365,6968,48,13465,12829,70,273104,258224,102,12.7282
256865,194407,113,111739,85614,108,3768,3136,34,7074,5492,48,13589,11479,68,23704,18470,102,492349,405858,125,12.7302
107773,102619,88,26144,25408,79,1505,1391,16,2390,2332,28,5757,5206,40,10111,9932,52,211142,203502,100,12.7322
117895,112358,86,62859,61364,83,1691,1657,17,2623,2871,27,5950,5877,42,10334,9662,50,211833,201991,100,12.7322
115964,101676,89,36808,30856,85,1668,1297,14,2724,2364,34,5919,4928,48,9753,9086,53,202653,181093,102,12.7352
96145,96140,79,29112,28668,78,1606,1334,18,2323,1841,28,4643,4360,42,7501,7194,47,166225,160116,95,12.7372
141053,130954,88,43827,40205,84,2191,2064,23,3394,3195,31,8097,7894,50,14672,13868,72,292863,270901,103,12.7392
174423,142308,98,80327,65732,93,2171,1849,25,4607,3671,37,9427,7849,63,16463,13475,70,339495,277896,110,12.7512
184921,140087,96,70572,52879,96,2615,1801,31,3988,2886,41,10229,7828,61,18628,14561,87,393837,294310,113,12.7542
129927,115982,86,44881,38918,86,1725,1155,21,2776,2029,32,5034,4355,40,9801,8434,57,206179,181930,103,12.7542
184636,149798,108,72473,59851,95,2388,1751,30,3832,3207,38,8950,7257,54,15530,12408,83,330705,268684,113,12.7552
184065,149342,95,69965,56822,93,2650,2321,27,4762,3737,39,10641,8875,57,17897,14681,68,388338,321254,111,12.7802
189913,145415,97,70228,53080,95,2240,1571,27,4609,3568,39,10511,8016,59,18756,13346,77,402151,311364,113,12.7903
117543,112474,84,52931,50776,83,1835,1715,21,3469,2687,30,6139,5938,41,12298,11832,60,240625,228050,100,12.7943
94890,95392,79,27482,27591,77,1383,1194,16,2604,2212,28,5905,5175,43,9754,9570,48,216316,209184,96,12.7953
112978,109407,83,51500,50639,81,1776,1682,20,3027,3116,31,7229,6774,47,12084,11841,53,245094,231740,98,12.7953
68063,67613,77,26660,26333,74,1060,1114,9,1406,1656,20,3169,3132,30,6137,5728,42,116023,112541,91,12.7983
138518,117019,93,49134,41681,88,1867,1526,18,3258,2985,33,7493,6195,49,13407,11331,65,272303,235523,106,12.8073
245702,181691,120,96448,72581,114,3362,2386,36,5605,4227,43,11906,9110,66,21192,16044,83,427685,328759,131,12.8223
175592,138900,103,69609,54384,95,2648,2155,28,4788,4026,37,9004,6931,58,14553,11866,65,339194,269410,113,12.8243
131107,117391,86,43847,38167,86,1629,1642,22,3485,2878,38,7377,6901,48,12831,11059,61,270078,250292,102,12.8243
69488,69546,77,27850,27914,74,1035,1109,8,1293,1478,18,3119,3061,30,4694,5049,35,105347,104944,92,12.8293
157546,127215,95,55870,44861,93,2130,1640,26,3868,3291,36,8864,7362,59,15485,12077,71,326333,267494,110,12.8393
195053,157485,100,74014,61316,94,3077,2438,33,5266,4542,48,10047,8638,54,17206,14956,70,361747,305708,112,12.8433
59668,57989,84,24046,24348,69,692,706,0,1002,1042,5,2616,2692,25,4017,4294,34,89968,87465,90,12.8533
192958,154141,96,65911,52932,94,3086,2202,31,4094,3681,38,10522,8592,56,16058,13188,75,341563,285811,112,12.8613
113515,107232,92,48314,46570,80,2162,2150,23,3500,2798,32,7771,7335,47,14370,13742,69,269491,255342,98,12.8643
127471,109921,89,49649,42231,87,1568,1393,19,2481,1845,29,5665,4997,42,10185,9079,54,220390,191440,104,12.8854
106578,101511,85,36240,35231,80,1357,1382,16,2829,2856,28,6130,5877,42,11082,10638,58,245761,231124,99,12.8894
203850,154655,105,68311,52019,100,2833,2367,28,4469,3495,41,9443,7794,60,15781,12133,78,343769,273455,117,12.8974
136705,118343,90,50101,43035,88,1534,1462,16,3124,2826,35,6544,5467,46,10983,9470,56,217727,192109,105,12.9004
101104,99657,86,34230,33878,78,1771,1573,20,2836,2248,36,5171,5178,39,10398,10050,54,195200,188041,96,12.9004
109006,104999,83,40488,39289,80,1395,1451,16,3278,2643,33,5961,5403,43,10095,9528,56,228604,214379,98,12.9134
179843,143441,105,60583,47265,93,1932,1850,20,3349,3088,35,7650,6245,51,12615,10260,67,268455,215090,111,12.9144
132257,126625,86,78821,75808,84,2011,1867,22,3594,3879,32,7771,7572,48,12664,12741,60,268014,249004,100,12.9144
104594,100667,84,44453,43920,81,1398,1487,15,2919,2925,31,6333,6184,47,10500,10511,52,230843,218675,99,12.9144
148279,134603,90,69457,64049,87,2387,2180,26,3817,3630,35,8244,7457,50,16016,14295,80,305005,290611,104,12.9174
85618,84885,80,37176,37041,78,1050,979,0,2336,2177,24,3945,4031,36,6753,6541,44,147792,140854,96,12.9264
132228,125241,100,50034,47899,82,1846,1727,22,2452,2785,30,6240,6135,43,10979,10313,60,229663,216203,100,12.9284
180203,137359,111,66851,50749,98,2224,1704,26,4307,3455,40,9042,6836,52,16881,13136,80,353485,273775,116,12.9354
82341,81569,80,26837,26628,76,1058,863,0,2116,1792,26,4255,3869,36,8511,8807,47,172497,169414,94,12.9514
98706,98813,80,26527,26100,77,1176,1015,7,2241,2333,23,5336,5127,40,7866,7203,52,188343,180630,97,12.9574
204382,155855,101,62408,48205,98,2650,2060,29,4328,3806,38,10227,8119,58,17693,13472,86,353757,276587,116,12.9624
156057,131987,100,60394,51327,90,2125,1866,22,3783,3330,33,7403,6191,51,12127,10792,57,243984,215677,107,12.9695
173212,138905,95,52574,42143,91,2799,2154,29,3754,2928,36,9842,8044,56,17648,13805,83,355700,293931,111,12.9695
192357,164986,94,75980,64572,92,2265,1792,28,5043,4495,39,10990,9382,62,18598,15282,82,373093,323297,110,12.9765
87324,85864,81,15870,16008,49,1216,1183,9,2148,2345,24,5252,5080,39,8536,8227,50,179916,173559,96,12.9775
165411,138648,96,55253,45080,93,2565,2077,26,4163,3352,38,9509,8400,56,16813,14612,80,363420,321922,110,12.9785
82629,83108,78,39078,38742,76,1220,1142,9,2522,2510,26,4718,4659,37,8425,7917,52,173824,171882,94,12.9875
112764,107245,87,37377,35993,81,1393,1314,16,2253,2222,26,6311,5768,43,10051,9992,49,229702,214134,100,12.9875
167449,134952,100,55510,43669,91,2042,1563,23,3813,3109,37,8220,6810,51,15325,12572,72,331360,274687,108,13.0025
202211,171521,113,94582,79430,96,3526,3251,32,6133,5267,41,13185,12098,62,22755,20016,87,471164,420121,113,13.0085
359486,250593,144,246306,175627,134,9545,7175,52,17374,13084,78,35640,27247,133,61813,45802,138,1.04858e+06,977703,151,13.0555
134091,126666,89,40476,39165,83,1700,1853,20,3970,3562,36,7494,7783,43,11899,11371,61,251396,240966,102,13.0626
70219,68149,93,20176,20306,56,936,859,0,1609,1459,19,2822,3021,30,4924,4966,37,98825,95916,90,13.0736
146722,131103,105,59675,54037,87,1745,1577,20,3747,3124,34,6769,6144,44,11700,10844,62,264171,255376,105,13.0906
122729,116264,85,54949,52977,83,1700,1550,19,2822,2696,30,6435,6218,43,12069,11552,59,242606,224227,101,13.1136
120672,111370,93,50351,46771,83,1725,1748,21,2742,3054,28,8163,7509,48,13787,12668,65,298209,278271,101,13.1136
88897,88807,78,33457,33065,77,1506,1450,17,2650,2464,25,5131,4779,38,9911,9966,51,190781,180452,95,13.1136
180341,161671,95,63782,58463,89,2757,2890,25,5374,4765,39,11834,11032,64,21600,19664,81,443846,414572,108,13.1176
283094,190689,117,195750,153335,114,7319,5603,45,13784,11153,72,26562,21139,109,44861,35886,116,941939,706552,132,13.1226
288258,224335,118,188913,151411,115,5267,4224,41,9675,7387,61,19798,15380,79,36040,28746,117,722961,577828,131,13.1226
170835,147472,96,66909,56820,92,2454,2142,26,4534,3999,38,7594,6826,46,14223,12115,71,294132,255824,110,13.1316
336965,218570,131,137399,89082,127,4879,3222,43,9176,5989,56,19564,13681,80,32539,21218,117,699332,473525,145,13.1326
199741,151320,102,66471,51176,97,2604,2327,28,4680,3360,47,9769,7411,56,16108,12673,71,360118,278266,115,13.1356
108167,105589,82,45942,44739,80,1256,1366,14,2568,2560,28,5244,5417,38,9497,9019,58,191920,184003,97,13.1376
142116,122076,93,45319,38269,87,1888,1740,23,3336,3008,34,7304,6064,50,13482,11163,62,259434,225978,105,13.1487
161785,134711,93,53580,44292,90,1997,1735,25,3517,2830,36,7056,5937,50,12419,10603,69,274028,226062,107,13.1527
113687,108528,83,47474,44893,82,1510,1395,17,3440,3063,34,7108,6676,46,13743,12773,58,273394,250786,100,13.1537
118155,108951,89,42370,38788,83,1499,1093,13,2291,2205,27,5250,4912,39,8679,7631,49,173147,162163,100,13.1617
235399,165008,107,86421,59246,107,2637,2062,29,5766,4116,49,12258,8579,62,21642,15224,95,450409,324572,125,13.1637
125024,113763,87,54977,49235,85,1483,1372,17,2662,2743,31,6165,5218,44,10584,9439,60,220030,206893,102,13.1637
134635,110009,91,46077,36333,87,1681,1446,22,3499,2850,37,6727,5630,53,12073,9859,67,254851,217441,103,13.1737
126995,103779,93,53574,43284,89,1226,1230,14,2961,2439,29,6379,5330,45,10536,9097,61,232247,188343,106,13.1817
63671,65119,76,21509,21683,59,1133,1155,12,1987,1834,23,3768,3745,32,5781,5665,41,138420,136296,91,13.1827
169114,144134,92,55210,46793,90,2300,1870,25,3988,3576,37,8513,7415,51,14991,12912,68,321837,281833,108,13.2037
113790,111945,86,50439,49305,81,1302,1497,16,2384,2847,25,5251,5467,37,9776,9398,52,213150,200372,98,13.2127
253285,186817,122,86390,63351,108,2946,2295,32,6219,4761,48,12526,9507,64,20719,16293,84,458227,354523,127,13.2147
194779,161320,99,111994,96220,99,3631,2885,32,6645,5459,54,13833,12306,62,25142,21521,87,533091,456468,116,13.2247
99922,98308,80,38521,37427,78,1445,1595,18,2365,2662,27,6280,6269,41,12335,11820,62,235491,226172,96,13.2277
192723,159529,94,75323,60833,94,3199,2267,32,6287,4901,48,11892,10838,57,20324,17498,77,439595,376248,111,13.2277
187681,152278,95,53040,42863,91,2626,1906,30,4466,3556,41,10266,8332,62,18537,14999,75,379703,317455,111,13.2408
145079,124466,89,59926,51833,88,1918,1763,22,3737,3222,37,8389,7096,49,14687,12741,66,321792,289440,106,13.2628
148350,135892,90,54240,49456,85,2167,2006,23,4155,3515,35,9326,9046,54,16806,16036,64,322618,305092,101,13.2648
173272,144709,97,49454,40398,91,1903,1594,22,3588,3185,37,8835,7137,55,13754,12512,65,306722,252408,109,13.2688
172258,148831,95,61116,51407,93,2494,2021,26,4170,3593,38,8621,7720,49,16023,13908,73,324345,291429,109,13.2688
132536,124321,102,43469,41755,83,1600,1245,15,3608,3034,33,6544,6255,46,10708,10037,54,251625,237169,102,13.2768
170499,133534,98,67541,51726,94,1893,1545,23,4717,3290,47,8719,6817,56,15793,12071,76,328576,256927,111,13.2808
140098,120942,95,46272,39827,87,1849,1372,21,3475,3790,32,8214,7190,50,14199,12676,64,301187,261452,105,13.2888
92626,90566,79,29086,28899,77,1702,1532,19,2683,2640,28,5902,5657,41,9592,9229,49,217088,204480,95,13.2968
85421,84610,79,34320,33868,77,1752,1604,20,2020,2264,20,5077,4668,42,8669,8587,54,192845,188138,94,13.2998
187978,166259,96,80021,71375,93,3411,3255,31,6750,6310,47,14799,13409,64,25176,23476,89,514937,466863,111,13.3038
88679,86506,82,17753,17618,53,1154,1545,13,2517,2414,27,5243,5058,38,8754,8806,45,199535,190555,95,13.3118
120432,112411,85,37081,34216,80,1802,1717,20,2723,2595,31,5548,5131,40,9628,8986,54,203164,194169,99,13.3138
90129,87060,81,27794,27288,77,989,1033,5,2536,2504,26,5368,5075,39,9073,8932,55,196802,191797,96,13.3198
115582,108106,90,49539,48315,82,1961,1828,21,2501,2441,27,6194,5928,42,10702,10409,52,220131,207900,99,13.3258
153662,131785,92,48652,39733,88,2343,1921,26,4405,3783,36,9086,7817,55,16160,13760,67,330704,288361,106,13.3258
58288,55434,82,22789,22566,66,724,807,0,1324,1312,12,2199,2036,25,3726,3563,34,81952,81233,91,13.3359
174799,134177,100,63677,48502,94,2347,1923,28,5076,3852,48,9616,7632,56,17294,13817,76,368921,296273,112,13.3449
112191,107267,84,37997,37198,80,1644,1530,19,2654,2745,27,5954,5493,40,9769,9646,56,209320,200036,99,13.3499
125458,121958,88,54346,52923,82,1632,1582,20,3701,4019,31,7992,7639,51,14019,12792,66,290066,276943,99,13.3509
85967,85582,81,27824,27686,76,840,895,0,1915,2060,25,4703,4747,38,7322,6845,47,167368,158869,95,13.3519
163168,127297,97,63656,50427,94,2932,2328,29,4987,3983,45,9733,7788,57,18676,14664,81,375669,298676,111,13.3629
247406,189350,110,87918,69968,102,4173,2873,38,6911,5526,53,14966,12443,71,25495,20594,95,592591,477799,121,13.3749
221380,171072,99,76890,60023,100,2940,2040,34,4686,3589,45,11104,8534,65,19345,14510,79,391686,299460,117,13.3769
143423,130431,86,62155,57456,86,2248,2279,22,4058,3872,37,9079,8566,54,16082,15012,72,315935,297483,103,13.3839
117948,115493,84,38233,37672,81,1618,1694,18,2563,2975,29,5096,4733,40,9443,8753,52,209393,196622,100,13.3839
95041,92427,82,41864,41384,79,1460,1345,13,2037,1956,24,5099,5148,38,8370,8434,49,195205,187112,97,13.3899
161725,133850,95,67557,57273,92,2174,1726,24,4283,3625,38,8078,7165,49,15423,13282,76,311689,267557,109,13.3899
105655,102962,84,35517,34671,79,1859,1632,20,3335,2919,33,7049,7227,43,13384,12835,63,277742,263055,97,13.3999
208317,163977,99,124331,101849,97,3848,2970,38,7753,6493,51,15909,12373,72,27554,22367,95,580560,460780,114,13.4009
225801,165970,104,79799,58227,99,3139,2206,36,4882,3591,42,11020,8240,61,17382,13051,73,387057,288220,117,13.4009
208035,170085,98,81125,67837,95,2734,2332,30,5355,4428,42,11407,9312,62,19691,16720,82,412750,353290,112,13.4069
155683,130282,103,58119,47719,92,1394,1229,14,3118,2723,34,6896,6115,47,11006,9219,64,249745,211344,109,13.4139
208431,168478,106,71860,56018,104,2755,2280,30,5147,3806,44,11579,9700,58,19478,15192,81,455797,369475,122,13.4159
198071,173254,101,89079,78745,95,4087,3823,31,6799,6168,46,15461,13909,70,26123,23138,97,529206,474822,111,13.422
176350,140152,96,75392,59986,95,1951,1596,22,3287,2888,34,7363,5718,53,12335,9530,64,299241,242197,112,13.432
119157,116339,83,46815,45734,82,1603,1686,20,2332,1969,28,6445,6125,41,10347,9830,62,229236,218902,100,13.447
68757,69061,77,20327,20244,57,803,902,0,1682,1724,21,3277,3147,32,5617,5621,41,123954,121853,92,13.449
244000,174607,106,92125,66232,103,3431,2274,35,5840,3900,51,13225,9870,70,22828,16460,91,496580,361467,120,13.449
186760,157018,96,69522,59154,94,2152,1862,25,5614,4818,43,11232,9765,62,20122,16687,77,413153,365820,112,13.453
130965,117995,94,37726,33226,85,1600,1602,17,3126,2538,33,6105,5424,44,11177,10133,63,216291,199828,103,13.454
100426,97796,79,31684,30861,78,1240,1131,11,3018,2693,28,5895,6205,40,9569,9133,50,208351,199998,96,13.459
127352,117635,91,39860,36381,84,1927,1570,20,3081,2877,32,7208,6968,47,12331,11648,67,259867,239389,102,13.465
131386,106714,93,47099,38968,88,1555,1036,9,3504,2778,34,6178,5165,44,9689,8152,61,223454,184147,106,13.465
119245,110798,86,40677,38559,83,1766,1515,19,3157,3315,31,6165,5555,40,11582,11419,60,219772,212702,102,13.476
224567,164313,105,86754,64609,103,3272,2578,32,5980,4209,54,12030,9186,67,21001,16202,80,439435,349971,120,13.476
185964,149010,100,59196,45845,93,2701,2087,28,4797,3851,41,9939,8253,58,19046,15780,88,409895,335668,110,13.484
83194,80672,83,32000,31762,78,1011,848,0,1745,1920,22,4430,4399,36,8198,7485,56,177275,174166,95,13.494
147391,123544,97,53187,44722,89,1736,1435,19,3217,2773,35,7886,7123,50,14017,11716,65,302300,255802,107,13.495
102064,99272,82,28302,27886,79,1700,1463,20,2452,1981,28,5144,4555,43,9496,8924,52,206470,197349,98,13.501
97028,95188,85,33313,32996,78,1413,1369,15,2523,2386,25,4984,5031,38,7986,7669,45,170793,162975,96,13.5061
94775,91627,84,35632,34738,78,1319,1321,14,2218,1908,26,5165,5214,38,8945,8452,60,181892,168861,96,13.5141
209629,158229,98,68952,51864,97,2688,2177,30,5429,4083,52,10604,7862,59,18807,14505,76,398374,309947,114,13.5171
178552,138631,99,58706,44866,95,2335,1894,28,3786,2794,41,8152,6083,57,13983,11255,71,280648,224240,113,13.5201
129643,119780,92,50000,45603,85,1480,1498,18,3406,2950,36,6613,5936,44,11266,10446,58,232870,212320,102,13.5241
79466,77654,79,28259,28015,77,1241,905,0,1455,1775,18,4081,3779,36,8091,8001,53,157080,149770,94,13.5251
211638,162050,120,85121,66081,102,2530,2017,30,4894,4006,45,10942,8715,60,20130,15705,85,381306,303880,120,13.5301
256760,208873,111,116812,95561,108,4897,4603,37,8649,7431,47,19854,17221,84,33148,27503,111,694296,593098,125,13.5321
187755,151993,95,58568,47756,92,2393,1680,30,3910,2981,35,8595,6978,53,15569,12774,86,354296,291535,111,13.5331
160734,135420,94,51673,43811,89,1700,1429,18,3540,2851,37,7223,6125,50,11415,10047,59,245445,209639,108,13.5331
95657,93710,80,28485,27739,77,1570,1517,17,2809,2342,28,5527,5168,43,9786,8529,57,190230,181696,96,13.5461
194853,155895,117,76722,61557,117,2711,2086,27,5279,4127,40,10828,8922,65,19576,16239,89,405684,339686,117,13.5461
119201,114564,86,49134,47401,82,1792,1812,22,3830,3524,33,7023,6622,47,12137,11645,68,255524,240375,100,13.5561
221778,179989,100,85711,67784,98,3126,2725,33,5981,4849,47,12417,10079,62,21665,17678,91,470631,381923,115,13.5691
185503,147126,97,49323,37637,94,2120,1771,24,4134,3184,37,8907,7318,55,16135,13001,65,330254,269748,112,13.5691
169609,149889,92,76277,66971,90,2372,1937,26,4187,3671,37,9046,8112,50,16190,14473,69,316155,291451,104,13.5771
202177,153584,103,70583,56743,97,2529,1889,31,4393,4078,37,9409,7507,58,16657,13576,72,355508,279018,117,13.5941
127248,105293,93,40162,33659,86,1640,1371,13,2885,2459,32,7056,6012,48,11356,9656,59,250592,211760,105,13.5972
147776,119692,90,58131,47880,90,1883,1443,20,3197,2787,33,7780,6389,50,13281,11572,62,296207,245380,107,13.5982
89978,87563,83,33417,32899,78,1215,1114,11,1958,2133,20,4155,3775,36,7753,7329,50,151449,144542,96,13.6142
65864,65695,76,22430,22271,61,672,715,0,1886,1695,19,3122,3023,30,5300,5319,39,119769,116803,92,13.6352
131912,114621,91,46047,40411,86,1725,1467,17,2954,2619,31,6788,5776,48,11433,10282,55,261841,230193,105,13.6352
247121,189115,107,87921,68372,105,4228,3198,37,7139,5550,50,14818,12524,65,25477,20462,107,527117,445888,123,13.6482
144407,124571,102,51827,45592,89,1945,1780,20,3600,2962,34,8258,7487,48,15531,14065,67,309721,276597,107,13.6502
200832,170332,98,83469,73125,95,4302,3912,33,6872,6308,46,16489,14564,73,30096,26398,100,607822,533414,113,13.6572
142978,132060,90,56845,54181,87,2011,1925,24,3649,3634,34,7594,7185,46,13614,12931,62,275383,250896,104,13.6602
263224,185247,111,102585,72691,110,3614,2787,37,7881,5787,53,15750,11762,68,26941,19249,109,559243,409870,128,13.6602
124161,104588,91,40750,34360,86,1780,1342,23,3159,2679,34,7090,5984,49,12850,11184,61,256013,221938,104,13.6712
95820,92056,80,32139,30509,79,1742,1254,18,2054,1981,24,5377,5304,39,9161,8511,52,192605,188138,97,13.6722
159122,126519,97,64685,50496,94,2077,1934,24,4184,3338,46,8477,6585,57,16122,12880,76,327437,259883,111,13.6732
115110,109341,84,46800,43475,82,1615,1465,23,3039,2735,33,6744,6025,45,12260,11380,59,264471,248558,99,13.6752
282088,222535,120,145145,120137,116,5436,4227,40,10438,9235,58,22511,19409,96,39558,33231,120,825044,707931,134,13.6792
150543,121254,95,59201,47870,91,1680,1443,17,3307,3053,36,7809,6309,51,13181,11161,58,273312,223935,109,13.6832
164762,125960,107,59712,46202,92,2206,1561,23,4392,3206,45,8397,6966,52,14902,12190,71,315773,256233,111,13.6852
175417,146533,102,61998,51885,92,2185,1583,26,4010,3301,35,8074,7086,50,12634,10888,63,299450,263106,110,13.6943
259433,206768,107,82079,71901,100,4632,3874,36,8046,6381,54,16546,13663,76,27866,23107,100,565981,481442,120,13.6953
163548,141949,96,79547,69604,93,1979,1963,21,3036,2766,32,7120,5775,49,12675,10307,64,248040,218572,110,13.6993
252421,192992,114,108610,81601,110,4070,2980,39,6971,5380,49,13418,10640,68,23289,18561,102,504261,404340,128,13.7093
60446,61722,75,16506,16435,52,542,664,0,956,1159,11,2986,2779,33,4763,4513,40,96261,98315,91,13.7183
275614,210164,113,95936,74378,108,3899,3021,37,7738,6143,48,15228,12410,70,26226,20505,112,549625,443758,126,13.7263
151282,127031,96,54151,45181,91,1725,1555,22,3719,3314,35,8184,7079,52,14008,11806,66,304262,259549,108,13.7273
173712,149654,97,54168,46257,89,2390,2049,27,4019,3676,36,10040,9361,56,17436,16011,72,380330,339542,109,13.7293
164069,143729,94,49455,43488,89,2215,2011,24,3878,3444,33,9281,7848,54,15818,14633,66,325172,291494,107,13.7353
172119,129743,104,63316,47187,96,2144,1710,26,3848,2873,40,9146,6916,55,17179,12774,74,352363,268540,113,13.7413
132946,117287,87,58030,51456,86,1438,1351,16,3243,3154,31,5776,5536,40,10759,9336,56,215470,190697,104,13.7563
165619,129924,98,60189,47974,93,2255,1698,24,4021,3206,39,8113,6137,55,13871,10979,66,310078,246413,111,13.7593
156573,125485,96,60992,48815,91,1727,1534,21,3377,2987,35,8635,6909,53,15584,12344,73,331302,267379,109,13.7663
94606,93690,88,29264,28956,77,1179,944,0,2800,2555,28,4351,4404,36,7994,8001,49,155354,148795,96,13.7673
94061,91823,91,41408,40915,78,1100,925,0,2469,2399,27,4990,4977,39,8727,8116,56,180963,172379,96,13.7794
246437,198237,108,118850,98470,104,4360,3486,38,7471,6021,51,16083,13111,71,27499,22847,106,574091,474713,121,13.7904
170304,146826,95,47177,40199,88,2500,2218,24,4032,3824,36,8555,7358,52,16678,14682,71,316187,293503,107,13.7914
143418,124810,99,56769,49716,88,1891,1779,22,3588,3461,36,7544,6639,51,13555,12462,64,275215,251712,106,13.8004
91593,88036,82,35152,34710,78,1170,971,0,2081,1803,25,4374,3986,37,8095,7623,56,169588,160237,96,13.8004
137443,122040,89,35314,30368,86,1612,1363,16,3409,2802,36,6506,5537,47,10560,9334,58,225919,209740,105,13.8004
155099,125530,95,58208,46922,92,2054,1792,24,3583,3043,35,7949,6463,55,14115,11428,64,305825,249585,109,13.8074
86816,84362,86,28083,28025,76,778,848,0,2709,2414,29,4386,4668,36,8120,7689,50,164503,156564,95,13.8074
136491,117289,90,53490,45887,89,2012,1825,20,4041,2891,37,6809,5951,46,13188,11898,60,274771,242686,105,13.8094
108482,105498,89,43618,43028,80,1696,1676,18,2963,2736,32,6137,5745,45,10831,11184,52,244688,235597,98,13.8094
81367,80260,79,28666,28267,76,911,892,0,1696,1541,21,3911,3993,34,7024,6438,48,154644,150539,94,13.8124
135565,123554,87,55573,51371,85,1915,1826,23,3417,3158,32,7141,6448,43,10997,9514,60,268727,251915,103,13.8184
118747,102371,90,40644,35035,86,1874,1782,21,2574,2063,28,5979,5184,46,9583,9195,54,210944,186359,103,13.8194
173220,135786,98,62668,48706,94,2257,1788,25,4166,2804,44,9815,7691,60,17339,13193,76,368962,291699,112,13.8404
100462,97970,81,34312,33727,80,1230,954,0,2471,2580,27,5093,4898,38,8754,8513,48,193695,184791,97,13.8424
136000,124309,91,50119,46034,85,1839,1656,19,3405,3451,29,7556,7022,49,14067,13214,67,278984,264008,104,13.8424
78085,78458,76,38965,37937,76,813,890,0,1880,1552,26,3603,3577,32,6472,5961,43,159691,156918,92,13.8524
116744,112302,99,56206,54580,82,1990,1841,23,3607,3254,37,7575,6959,46,14712,13227,72,282506,270790,99,13.8695
97912,96378,83,30459,29837,78,1236,1471,14,2463,2697,25,5610,5639,40,10992,10152,63,218406,211831,97,13.8795
132367,107799,102,52410,42741,90,2204,1786,24,3558,2941,36,6998,5944,48,12523,10512,66,268187,222483,107,13.8815
50308,50875,73,18317,18820,55,634,705,0,1178,929,0,2163,2260,24,3559,3129,36,80957,79758,88,13.8875
246841,191580,100,81320,63476,99,3453,2511,34,6736,5106,48,13545,10540,68,22973,19233,89,507722,413526,117,13.8875
101227,99980,81,42635,41921,80,1809,1605,19,2781,2704,28,5988,5976,41,11341,10581,60,231346,218183,97,13.8965
108749,106727,81,37044,36293,80,1574,1724,18,2797,2528,30,6620,6092,47,12388,11515,59,237640,227125,98,13.8995
210120,163142,110,76117,59470,98,2986,2114,32,4532,3522,39,11348,8961,62,19540,15078,76,413295,330917,117,13.9045
135818,118577,89,41286,34624,87,1937,1858,21,4026,3657,36,8394,7495,55,15702,13440,69,327248,288820,104,13.9055
114437,111465,84,40827,39762,80,1341,1567,16,2934,2861,32,5523,5439,39,11401,10215,57,232234,218562,99,13.9215
72398,70211,81,23610,23225,76,1291,872,0,1666,1517,17,3583,3687,32,5480,5291,40,120299,117615,94,13.9235
228453,155632,108,80001,53377,105,3301,2116,35,5449,4064,52,12782,8983,67,21176,15238,106,441056,297794,123,13.9295
88957,86338,83,39601,39300,78,1237,1263,11,2073,1769,25,5064,4918,38,9292,8855,57,191920,186573,96,13.9455
135069,126395,89,52239,48939,83,2257,2246,25,3539,3056,36,7789,7175,51,11879,12092,59,264084,248451,102,13.9545
247851,193320,109,109324,84341,107,4100,3403,35,7859,6133,49,16713,13503,73,30414,24768,109,646446,559791,121,13.9545
345277,221567,134,121979,78513,133,4570,2849,40,8568,5777,56,17362,11451,82,30257,20203,119,621110,412652,151,13.9566
104788,102446,83,27220,26774,78,1328,1455,16,3182,3461,29,6773,6956,41,10964,11053,54,246591,238398,97,13.9586
186909,142961,98,68588,52169,96,2575,1881,31,4469,3451,45,9752,7529,55,17438,13851,80,382339,304723,113,13.9586
181902,140303,97,61991,47907,93,2255,1956,26,4288,3078,44,8584,6826,53,16126,13212,81,348753,275674,111,13.9666
185594,147287,100,56946,45191,94,2291,1466,25,3740,3199,37,8342,6866,50,14024,11218,67,315615,260361,113,13.9676
170169,137613,93,74113,59752,93,1900,1284,22,3731,2793,42,6671,5613,45,11161,8713,65,262956,213717,110,13.9746
201453,164018,107,90068,76687,101,2952,2449,27,4572,3641,44,9938,8119,57,17143,14388,73,352331,292341,118,13.9836
113605,109451,84,53877,52213,81,1686,2028,20,3189,3153,31,6481,6516,43,12221,11482,63,262578,252874,99,13.9846
163575,145642,93,60307,52522,89,2870,2530,29,5264,4706,41,11517,10968,59,20106,17878,75,415628,370569,107,13.9956
134960,117263,90,48431,41859,87,1917,1693,21,2902,2518,31,8011,7204,49,14537,13402,64,321539,288107,105,14.0076
111229,109594,81,37619,36687,80,1500,1490,16,2989,2424,31,5125,5021,37,8082,8125,47,191481,181555,98,14.0086
64833,63195,79,17461,17544,52,936,762,0,1189,1415,16,2967,3419,28,4971,4736,41,131835,128514,92,14.0096
107403,103452,85,42892,42009,81,2054,1991,20,3451,3275,34,8005,7442,52,13747,12578,65,289276,276991,98,14.0096
116712,110805,83,47980,45535,83,1312,1359,14,2265,2759,27,5515,5548,39,9747,9101,51,200290,188156,100,14.0196
111600,99649,88,45870,41627,84,1430,1267,13,2542,1987,27,5111,4620,41,8980,7721,60,210078,192170,100,14.0216
142400,110502,109,54919,44567,92,1753,1425,19,3885,3290,37,7227,5996,49,13415,10747,65,263785,208251,109,14.0246
156588,131624,94,48687,41166,87,1967,1712,26,3506,3273,33,8635,7164,54,15557,13614,70,320872,278771,107,14.0246
176488,145021,95,46898,39037,92,2309,1764,26,3569,3138,37,8462,7162,50,14800,11357,67,315881,268928,112,14.0276
152155,128060,92,64128,54257,89,2595,1871,27,4352,3306,45,7506,6358,51,12399,10262,59,269435,235063,107,14.0276
167960,135735,104,50401,41427,91,2052,1635,25,3858,3329,36,7690,6732,49,14001,12070,68,286421,249999,111,14.0346
204481,158553,99,72730,55545,99,2762,2176,31,5269,4069,48,11018,8620,61,19252,14797,84,385202,307569,116,14.0467
145760,135046,87,75763,71635,85,1923,1918,21,3896,3438,36,7365,6580,51,12713,11703,62,271327,237075,102,14.0517
268200,183685,115,93241,64158,113,4121,2784,40,7120,5086,50,14211,9740,72,26005,17670,99,543436,388558,131,14.0537
148751,120488,92,54560,44284,88,2048,2015,24,4043,3380,36,8555,6991,53,13895,11215,66,307510,253179,106,14.0547
69333,67418,79,13749,13616,48,705,779,0,1576,1788,18,2751,2435,29,1872,1766,20,51041,51845,92,14.0557
184258,149956,96,68861,56685,93,2486,1925,28,4427,3708,44,10562,8933,59,16624,12929,71,359568,295779,111,14.0607
187834,143011,98,74743,58411,97,2363,1977,26,4817,3736,42,9304,7468,56,16994,12569,78,352683,275308,115,14.0627
109292,105196,89,28981,27480,80,1376,1354,15,2698,2657,28,6130,5422,42,11212,10834,56,242593,233186,98,14.0687
220797,189900,97,116467,101649,96,3882,3334,33,6422,5542,49,15002,12890,69,24382,21510,95,499932,437848,113,14.0717
147484,132309,88,53066,47423,87,2075,1840,21,3210,3320,31,8579,7668,58,14316,13156,62,315673,291063,104,14.0717
186754,155517,95,70167,59223,94,2553,1989,29,5269,3982,40,9959,8349,56,17378,14266,79,371792,320407,111,14.0727
238701,182249,109,116269,92587,105,3950,3082,36,7639,5953,53,15466,12601,67,26682,22112,106,530877,438485,122,14.0727
106848,100812,83,43070,40709,82,1764,1824,19,3254,3319,30,7241,6997,46,13011,12586,62,263989,255606,99,14.0797
207932,185519,93,100244,90056,93,4101,3654,35,7306,6796,45,15900,14371,64,27581,24910,98,559783,499265,110,14.0957
299855,204317,130,91690,61993,129,4136,2775,39,8341,5242,57,17997,12652,78,29491,20763,132,597766,434981,147,14.0967
152338,129968,92,55798,45404,90,1718,1470,21,3396,3178,32,7969,6636,50,15082,12493,68,299267,262198,106,14.1097
131621,121657,86,51844,47096,85,1274,1167,13,3309,3080,32,5808,5398,42,9825,9003,51,204099,185767,102,14.1157
89683,86271,96,39415,38594,77,1429,1422,15,2716,2326,27,5111,4881,39,7856,7964,44,177974,167917,96,14.1177
203441,179556,98,84043,74447,97,3368,2861,32,6550,5589,46,12651,11647,60,21745,20126,84,472227,425220,114,14.1217
109212,104039,82,34938,31785,83,1347,1467,16,2493,2760,27,6935,6472,48,11951,11443,57,239383,221436,99,14.1227
169344,136517,103,63427,50926,93,2632,2296,27,4331,3455,39,9616,7740,56,18282,14167,79,379565,313564,111,14.1327
96919,95326,95,37848,37595,78,1130,1200,13,2351,2274,24,5240,4802,41,8757,8146,56,197264,186256,96,14.1358
121465,110774,86,45394,41165,84,1422,1505,18,3043,2849,32,6299,5874,42,10575,9323,58,233665,219316,101,14.1408
88381,87452,81,27960,27750,77,1283,1250,15,1855,2137,22,4525,4466,37,8158,7922,50,160131,151827,95,14.1428
99363,96610,95,39985,39553,79,1466,1379,14,2416,2387,26,5615,5285,41,10897,10824,53,211515,204287,97,14.1458
84555,82368,84,29055,28856,77,1422,1274,13,2028,1723,26,4334,3974,36,7339,7308,47,155041,152458,96,14.1568
97215,94177,82,36793,36248,79,1241,1136,10,1964,2220,22,4976,4966,39,8919,8416,48,181543,178940,97,14.1578
92119,88170,95,38012,37240,78,1574,1278,18,1864,2020,26,4438,4460,34,8757,9201,52,191585,185817,95,14.1638
172861,151385,98,57905,50771,91,2691,2490,28,4731,4096,43,9853,9170,52,17905,16012,76,361910,318083,109,14.1678
78161,76907,80,30752,30242,77,952,1109,6,1676,1880,17,4150,4200,33,6907,6701,48,140031,136086,94,14.1778
86242,85669,81,33725,33240,77,1185,1062,6,1892,2361,23,4787,4515,39,7720,7374,47,172790,170069,94,14.1798
49434,48662,76,22447,22359,62,426,636,0,1122,1278,10,3154,2799,32,4265,4253,34,107760,107206,89,14.1858
173760,142265,93,66404,52955,92,2343,1708,28,4429,3929,40,9064,7255,57,16597,13379,74,356407,294286,109,14.1968
110614,108378,83,43458,42269,80,1751,1548,20,2936,2985,30,7282,7303,43,13365,13696,55,261873,249716,97,14.1968
84261,81643,79,31702,31200,77,1382,1282,13,2079,2287,21,4428,4299,38,8795,8157,47,173056,165979,95,14.2118
164312,136402,95,66218,55003,93,2175,1586,19,4134,3580,43,7673,6679,49,13486,10616,64,275820,232698,110,14.2118
109545,106804,82,41113,40004,80,1650,1446,18,3220,2919,31,6068,5940,43,9372,9099,54,194693,185139,98,14.2158
179591,154144,97,57770,47890,92,2474,2109,25,4309,3534,42,9623,8353,54,18120,15899,78,379775,335333,110,14.2188
170280,138356,97,45104,34258,92,2245,1988,27,4145,3556,38,9275,7849,55,14399,12095,82,332441,275397,109,14.2188
239671,175938,108,70997,49377,102,2900,2176,32,5717,4353,47,12315,9508,64,21639,16445,84,474590,357841,121,14.2188
69606,69535,79,23697,24100,60,788,857,0,1894,1786,22,4092,4227,34,7646,7468,51,168269,162362,92,14.2198
131125,122250,86,39425,36040,85,2097,2142,22,3487,3278,33,8608,8134,50,16215,15046,69,330278,307124,102,14.2249
84842,82051,81,28271,27967,77,928,943,0,2105,1937,22,4476,4317,40,6846,6875,46,178443,169961,96,14.2299
146550,123627,89,39633,33660,86,1978,1382,19,3984,3283,39,8165,6591,48,14751,12813,66,305369,261617,107,14.2319
109874,100505,88,40171,35962,85,1546,1293,16,2958,2405,33,6124,5636,46,10311,9381,57,235076,217556,100,14.2359
123313,113924,86,48420,44554,83,1592,1799,20,3089,2957,34,6735,6122,45,12334,10758,66,262721,243196,101,14.2379
169833,159097,92,54221,51414,87,1987,1735,22,3921,3565,36,8222,7492,49,14506,13896,67,293728,268546,105,14.2419
117483,102704,93,40461,34286,86,1698,1503,19,3172,2893,33,6597,6182,46,11988,10583,63,253692,221555,102,14.2509
129024,124240,98,32527,31526,82,2447,2382,24,3376,3552,29,7732,7416,49,14346,13142,70,281847,267755,101,14.2519
196230,152498,104,67384,51688,98,2556,1968,28,4876,4153,43,10026,7755,56,16171,12503,74,339853,276800,117,14.2639
132064,122624,86,54517,49882,87,1627,1485,15,3063,3066,30,6947,6116,45,10451,9591,59,249858,228130,103,14.2779
162438,139856,93,53929,45831,90,2629,2202,29,4394,3711,41,10027,8571,54,18134,15618,81,362672,329608,109,14.2799
121117,113246,85,45895,41265,84,1841,1509,18,3015,2924,29,6672,6275,44,12070,11217,57,240899,221498,101,14.2799
132769,122932,99,33506,30917,85,2012,2232,22,4183,3522,40,8092,7741,51,15028,13864,70,316076,296764,103,14.2839
140803,114495,93,40569,33642,88,1718,1438,21,3534,2879,37,8138,6991,51,13496,11503,64,299626,259465,108,14.2869
99608,95702,86,32161,31362,78,1083,1184,12,2532,2367,32,4629,4487,37,8101,7433,52,180384,169883,97,14.2919
236870,166250,108,90505,65253,105,3354,2484,37,5616,4327,47,12865,9433,69,20653,14882,94,463071,337910,123,14.2939
130921,123578,85,54467,51766,84,1896,1902,22,3648,3700,32,8225,8196,47,14957,13702,70,316529,299412,102,14.2999
94598,92437,82,36166,35226,78,1351,1211,11,2156,2110,23,4543,4206,37,7468,7087,48,161254,157184,96,14.3049
137095,115446,92,45254,37135,88,1749,1372,21,2672,2336,30,7498,5936,51,13032,10636,64,273988,230759,106,14.3099
250963,148614,118,85243,50928,112,3232,1832,40,6316,4104,54,13729,8057,75,23127,14344,95,506166,313697,130,14.3129
197728,175645,96,110273,99414,94,3922,3348,36,7594,6186,54,14734,13297,66,25717,23990,92,553140,480110,111,14.316
147610,127390,105,52012,44857,88,1580,1568,18,3386,3178,36,8102,7271,49,16254,14110,76,345869,304534,105,14.319
224468,185649,98,118158,98886,99,4576,4149,36,8694,7528,53,17977,15186,76,31589,25783,104,645773,539275,115,14.319
101512,99104,81,25541,25173,70,1396,1370,16,2947,2715,30,6030,6040,39,10338,9490,61,218882,207045,96,14.338
74826,75339,78,24806,24432,70,1255,1169,11,2196,1709,26,4018,4143,35,7698,7652,49,167281,163968,94,14.341
165079,139933,99,47526,39441,89,2174,1935,23,4064,3166,39,8346,7343,51,14152,12411,63,288282,251882,107,14.348
96512,94019,88,38448,38169,78,1540,1425,15,1895,1907,24,4528,4526,36,9163,9085,52,195324,186084,96,14.355
162597,131941,93,57426,46429,91,2017,1747,25,3707,2836,38,9549,8314,51,16017,13551,71,348515,284204,109,14.361
123728,106210,90,50788,43517,87,1823,1643,16,3182,2755,34,6334,5415,46,11905,9363,69,230472,195571,105,14.361
136389,130420,86,50109,48302,83,2237,1902,24,3453,3057,34,7944,7457,48,14377,13728,67,300268,286825,101,14.363
78738,77957,79,37446,37485,76,1063,1131,8,1434,1489,20,4227,4029,37,7592,6826,49,159013,153749,93,14.364
130156,121634,90,53506,49574,84,1837,1735,21,3245,3642,30,7542,7666,43,13352,12788,64,298471,274772,102,14.369
123409,117249,89,36160,34758,82,1654,1608,19,3035,2975,32,7363,7083,47,10600,10371,52,227484,211371,100,14.372
76863,76477,76,25802,25523,71,1009,978,0,1699,1436,19,3501,3722,32,7314,7513,46,151268,144937,93,14.378
230547,176650,109,87557,67253,105,2094,1866,25,6767,4986,51,12113,9287,63,19028,15110,85,448550,358396,124,14.385
72900,73239,79,26325,26442,75,788,686,0,1222,1495,15,3609,3533,31,5741,5776,41,136965,134966,93,14.386
148941,134307,89,43558,38430,87,1721,1501,21,3645,3399,36,7790,7029,49,12458,11223,66,255633,237985,104,14.393
106358,101865,83,37229,36184,80,1485,1177,12,2443,2061,27,5313,5272,40,9018,8119,50,191746,181013,99,14.394
219670,170043,109,87104,67758,97,3371,2942,34,5975,4922,49,13994,10626,69,23715,18495,92,501836,396385,115,14.4071
114170,105513,100,36021,33356,100,1544,1499,15,2907,2303,32,6677,5954,48,11947,11159,65,238330,215379,100,14.4071
51760,51582,85,17368,17925,50,928,869,0,1148,1475,14,2716,2449,30,4799,4227,40,93023,91696,88,14.4081
95979,99371,77,51772,50947,79,1425,1517,16,2827,2801,34,5799,5810,40,9813,9954,53,222833,216575,95,14.4091
119633,114966,86,47219,45334,82,1553,1311,15,2494,2650,28,6011,5805,41,11217,10338,54,223028,210301,100,14.4141
110703,107397,84,39002,38407,79,1804,1547,19,3170,3057,31,6863,6357,48,12642,11998,62,250083,238624,98,14.4191
161648,124847,99,56539,44477,95,2152,1535,21,3834,3347,35,7983,6390,50,14548,11783,67,302695,237384,113,14.4231
40492,43951,59,17581,18029,52,650,641,0,855,1213,10,2186,2233,24,3028,3552,28,76409,75202,86,14.4231
97667,94402,82,36005,35120,78,886,905,0,2935,2709,27,5273,5299,42,8979,9117,47,206217,196130,96,14.4241
126951,112721,95,47222,42480,86,1546,1181,14,2665,2611,30,5867,5351,45,10046,9035,56,210457,189264,103,14.4251
93673,92154,79,32305,31524,78,1185,1168,13,1902,2030,23,4746,4546,39,8547,7593,54,166133,161917,96,14.4271
166409,140836,102,47738,39407,90,2334,1858,28,4155,3817,39,9725,8462,54,19053,16674,75,387627,345371,107,14.4301
122078,113276,88,50957,47206,84,1638,1548,17,3114,2903,29,6120,5725,44,11510,10331,58,220705,212704,102,14.4401
93738,90662,95,37127,36307,79,929,878,0,1787,2231,20,4536,4161,37,7560,7452,46,158990,147418,96,14.4401
120793,115362,84,46571,45631,81,1782,1782,19,2614,2640,28,6396,6496,43,11762,11777,55,241934,229322,99,14.4401
176054,152562,93,55680,46864,91,2466,2509,27,5090,4098,44,9844,8397,59,17126,14893,75,356628,316484,109,14.4411
214188,161855,103,76776,57618,98,2977,2206,32,4689,3557,46,10801,8179,64,20838,16416,93,421410,331461,116,14.4471
112848,103704,89,39343,37304,80,1711,1472,20,3174,3155,29,6676,6196,46,11442,10445,55,243475,233997,100,14.4471
120819,103714,93,45216,38398,87,1526,1420,15,2513,2298,29,5619,4655,46,10579,9085,57,224777,187947,104,14.4541
98403,94682,86,40252,39502,79,1432,1356,19,2247,2075,25,5267,5215,41,8415,8077,49,178225,175780,98,14.4611
195288,157893,101,53930,42084,95,2300,1927,23,4189,3746,38,9257,7649,54,15676,12084,82,342721,279111,113,14.4631
69262,68829,77,28999,28542,76,1073,971,0,1188,1372,18,3484,3227,35,6025,6154,39,134574,129861,92,14.4711
169332,131786,96,60835,47496,94,2109,1902,22,3926,3166,39,7967,6614,52,14185,10567,76,283264,224829,112,14.4721
118055,101907,100,45601,39108,85,1420,1271,11,3383,2676,36,5913,5246,46,10585,9013,55,224350,188165,103,14.4821
113261,111842,82,49291,48086,81,1779,1900,20,2903,2849,28,6777,6601,42,12166,11367,68,236176,224994,98,14.4851
174546,148425,94,59177,50430,90,2084,1935,22,4381,3945,38,7718,6565,48,13703,11968,60,278933,248850,106,14.4911
158255,128245,100,57557,46264,91,2486,1762,31,4277,3609,38,9995,8045,57,18338,15395,85,369878,311062,109,14.4992
69069,66382,82,22968,22947,68,1011,790,0,1286,1477,15,2797,2920,29,4552,4691,36,93055,91741,93,14.5012
82721,82273,78,34546,34546,77,1100,1097,8,1777,1942,19,4727,4522,39,8261,8316,49,179914,177168,94,14.5012
144542,134527,98,68220,63884,87,1633,1627,23,3954,3600,33,7700,7335,48,13578,12928,59,294217,275604,104,14.5042
178089,143351,97,56967,44232,92,2271,1972,26,4333,3010,40,8397,6955,52,14612,11718,73,301068,252687,110,14.5092
252050,212032,107,104018,88039,104,5280,3953,39,9209,7728,54,19296,16762,77,33298,28126,109,668633,569315,121,14.5142
88018,86804,79,32302,31324,78,1086,1179,11,2020,1919,22,4918,4715,39,9244,8888,52,184342,175411,95,14.5202
160553,128505,100,61711,50790,92,1960,1557,22,3941,3002,37,7993,6741,51,15514,12834,73,305502,252411,109,14.5212
63951,63206,77,25262,25361,74,799,942,0,1228,1180,14,3251,3412,29,5381,5711,40,117054,116336,92,14.5282
52652,51979,76,18860,19059,54,659,772,0,1085,1131,9,2154,1971,24,4284,4177,38,88259,83836,89,14.5292
98349,96933,84,32702,32336,77,1265,875,0,2120,2264,22,5285,5371,37,8400,8590,48,188052,184286,95,14.5332
236560,177873,105,67229,50258,104,3411,2634,35,6871,5707,53,13562,10384,68,22745,17339,90,485509,375777,122,14.5372
170913,133752,95,64032,49326,94,2016,1664,25,4058,3050,43,9305,7178,58,16694,12954,77,341218,266113,111,14.5392
54664,54253,76,13888,14020,48,420,459,0,982,979,0,2524,2697,26,4610,4136,47,96738,96677,89,14.5482
145065,119018,100,49679,40904,90,1856,1394,16,3758,3188,39,7298,5992,49,13838,11717,63,286204,242424,108,14.5582
70804,70503,74,24990,24917,68,910,1173,9,2032,1545,24,3665,3864,34,6817,6807,42,160137,151141,92,14.5592
92705,88007,92,33480,32830,79,1024,1065,8,1807,2303,21,4761,4535,38,7054,7036,43,146128,138846,96,14.5622
125252,113518,88,40419,35206,85,1774,1395,23,2707,2538,31,7430,6689,50,14993,12776,75,284648,258680,102,14.5622
136342,126367,87,36836,34511,84,1824,1940,21,3479,2765,31,6821,6213,47,11134,9842,58,240879,221329,102,14.5662
272874,224483,107,129466,111593,108,4852,3641,38,9247,7381,58,19913,16091,79,31724,25760,111,680313,552397,125,14.5662
101487,97681,97,31878,31296,78,1681,1301,19,2759,2809,26,6448,6417,42,11166,10507,59,243736,229949,97,14.5692
110967,106846,83,42975,41646,80,1328,1379,16,2443,2404,28,5744,6021,41,10148,9335,57,207811,196326,98,14.5702
123077,110778,91,43560,38270,85,1733,1453,17,3093,2499,31,7057,6243,44,12704,10521,64,268494,245862,102,14.5702
90238,88697,81,25910,26262,70,1600,1456,15,2454,2369,23,5006,4965,38,10397,10046,53,199566,194859,95,14.5702
81325,78480,94,26068,25649,76,1309,1204,12,1906,1980,21,4139,3861,39,7588,7920,45,175616,174326,94,14.5762
118714,113133,87,55503,53250,82,1602,1546,19,2865,2659,30,5556,5501,40,10946,10234,59,213632,202813,100,14.5802
84935,83512,87,31005,30404,76,1030,1126,10,1998,2078,21,4686,4549,37,8381,8305,52,182464,174990,95,14.5853
284770,229540,133,116334,95289,115,4746,4362,35,10217,8043,67,20770,17585,80,38176,30725,118,796418,653435,133,14.5863
202770,151637,112,77670,59312,100,2538,1862,26,4321,3370,40,11096,8324,63,18803,13124,80,406107,310388,118,14.5983
76945,75705,77,29860,29257,76,1299,1175,10,1704,1924,22,4087,4075,34,7954,7606,54,165235,157442,94,14.6013
143730,130442,90,46280,41507,88,1866,1777,22,3604,2898,36,7436,7041,46,12423,10826,65,277552,258207,105,14.6043
185477,141930,105,67972,52030,96,2192,1593,26,3993,3176,42,8763,7108,50,15405,12876,70,341311,269723,115,14.6073
155360,136987,94,44939,38776,89,1819,1751,21,3679,3414,34,7561,7162,47,13526,11991,66,281422,255454,105,14.6103
121231,106598,90,36899,32857,84,1386,1131,14,2976,2752,30,6109,5775,41,12116,10641,60,229319,209640,102,14.6183
57861,56100,82,11246,11315,44,499,691,0,1098,1546,17,2768,2917,28,5086,5147,37,114383,111252,90,14.6323
100902,101088,80,36073,35232,78,1473,1447,18,2307,2264,23,5231,5017,41,9370,9224,54,190265,180588,96,14.6363
185126,158452,102,59324,50933,98,2944,2351,30,4383,3563,39,10143,9072,52,18368,15737,73,377139,333278,116,14.6373
140456,125702,88,39885,34731,88,2165,1941,20,3226,3249,32,7662,6714,48,12441,11358,65,267527,240204,105,14.6403
118728,112023,91,40583,39133,81,1670,1742,20,3155,3202,30,6312,5789,47,10814,9994,56,245862,228687,100,14.6473
212547,158542,116,78311,57671,100,2867,2036,28,4706,3567,44,11195,8186,67,17605,13080,80,382693,286804,118,14.6533
87505,88329,78,33526,33398,76,952,834,0,2164,2018,25,3721,3698,34,5839,6160,40,131871,124821,94,14.6533
152497,122044,94,59262,46113,90,2183,1579,28,3801,2848,42,7877,6479,52,13345,10658,66,317232,246032,107,14.6613
92581,89767,83,42287,41158,79,1353,1162,12,2708,2717,28,6568,6469,45,12295,11850,61,243356,235587,96,14.6633
98598,96940,81,36691,35533,79,1619,1518,20,2877,2380,32,5527,5670,39,10357,10117,53,201781,190366,97,14.6653
186886,161682,94,61910,53013,93,2530,2197,25,3412,3259,35,9539,8165,60,15693,14208,75,320888,277389,110,14.6693
128287,109399,90,39198,33564,85,1687,1568,19,3713,3091,39,7362,6563,50,11779,10341,60,270160,248728,104,14.6693
182163,148132,96,53794,42969,91,2362,1856,27,4904,4068,43,10889,8632,59,20279,16833,86,414079,345880,111,14.6693
137351,124634,86,49397,44669,84,2077,1668,24,3472,3429,32,7901,7323,49,12446,10718,62,274845,256231,103,14.6744
85997,83343,91,30060,29357,77,1300,1301,14,2000,1834,23,4080,3643,38,7931,7810,48,167855,163944,95,14.6824
116070,113019,82,38941,38005,80,1446,1240,16,2556,2454,29,5765,5267,48,9264,8966,51,200713,195678,98,14.6844
98174,95239,79,35626,34935,77,1172,1216,13,2462,2429,25,5603,5498,39,10087,9568,55,213808,206265,95,14.6844
92409,87100,81,46005,43583,80,1411,1321,15,2314,2166,30,5353,5268,39,10146,9201,57,213459,202020,97,14.6924
252030,202185,107,104412,86287,100,3853,3156,35,6935,5906,47,13408,11609,63,23955,20976,92,487183,442154,119,14.6934
121534,105026,103,40964,34863,86,1805,1721,22,3124,2748,29,6825,5719,49,10275,8468,51,230054,196980,103,14.6984
80666,79625,78,38695,38244,77,1133,988,0,1632,1676,17,3792,3815,34,6898,6567,48,140488,134868,94,14.7024
86676,84886,81,33454,33124,77,1194,1017,3,2144,2201,24,4249,3966,37,8016,7238,51,163741,160766,95,14.7044
127170,113602,88,48303,43606,85,2154,2120,22,3583,3209,34,7390,6611,49,13373,12752,63,274151,251663,103,14.7104
75453,75304,80,26163,26016,74,948,1030,4,1680,1697,21,3261,3513,32,6374,5969,40,131097,126677,92,14.7134
176407,149264,93,71059,60488,92,2053,1772,24,4441,3899,43,9570,8402,56,16696,13598,78,353511,298998,109,14.7174
150938,140256,94,70406,66585,85,2128,1874,23,4312,4101,36,8158,7121,50,14760,13898,69,293317,268175,103,14.7414
159377,121053,102,55286,41559,93,1927,1416,16,3042,2755,33,8188,6243,56,14262,10493,67,309667,235481,111,14.7464
85861,84471,79,17473,17560,53,1249,1295,13,2192,2327,25,4862,5079,37,8849,9614,48,194710,186757,95,14.7544
121576,104998,90,46117,38293,87,1562,1089,8,3005,2184,38,6065,4924,43,10697,9913,63,250294,214493,104,14.7604
175045,147945,101,66682,55798,91,2691,2189,28,4992,4377,41,11502,9669,68,21750,18251,85,448939,387138,109,14.7614
92144,88646,84,33363,32978,77,1162,1052,5,1926,1794,29,4151,4011,34,6315,6260,44,133287,127477,95,14.7685
129705,121407,90,37071,33737,84,1802,1710,23,3081,2772,32,7178,6562,45,10646,10086,61,246769,236152,101,14.7695
99020,96805,85,38328,37669,79,1444,1354,16,2892,2676,31,6562,6467,44,11048,10330,66,235359,224449,97,14.7775
236899,176504,112,109016,87105,107,2990,2162,32,5915,4527,51,13047,10043,65,21230,16700,86,465516,377497,125,14.7795
125854,113826,93,43802,39197,85,2140,1517,23,3745,3056,35,7277,6597,49,12353,10955,58,266112,242323,102,14.7815
210888,156401,103,77958,58679,100,3095,2191,33,5031,3824,42,11071,8435,62,18583,13360,83,381423,284593,117,14.7835
200163,156099,114,73906,57174,97,2363,1639,31,5530,4540,44,10639,8611,58,19911,16471,81,411883,334180,114,14.7845
319374,228801,148,146833,111628,139,7127,5324,45,13819,10027,70,27116,20573,105,45536,33926,142,977301,730333,156,14.7885
219322,172037,112,69942,56295,101,3433,3092,30,5829,4657,42,13552,10807,69,24220,19413,87,517986,424271,121,14.7935
148152,123022,101,52145,42333,89,1860,1240,16,3494,3263,33,7710,6522,48,14754,12295,69,311281,253733,107,14.8115
87168,84360,80,31173,30646,77,1124,1072,7,2257,2075,22,4930,4689,39,9277,8947,52,188397,185038,95,14.8135
83601,83527,80,33462,33033,77,755,1134,8,1889,1598,20,4063,4160,34,6452,6142,45,135890,131750,95,14.8165
111974,108628,82,39569,38352,80,1492,1354,18,3311,3055,32,6448,6205,43,11275,10656,54,242058,229147,98,14.8205
125399,119215,98,47485,45941,82,1558,1672,17,3608,3087,36,6942,6801,45,12463,11524,64,261107,251068,100,14.8275
83667,80865,82,32099,31791,78,897,984,0,2093,2237,23,4832,4556,38,10076,10235,51,188395,180444,96,14.8295
162607,133366,93,55958,45609,92,1926,1686,21,4228,3731,40,9795,7704,55,15907,12672,74,354125,288278,109,14.8375
172608,131821,97,60100,46062,94,2031,1629,25,4037,3023,36,10173,7892,59,17656,13907,81,383928,292595,111,14.8606
204136,159610,101,66694,52321,98,2817,2502,29,5258,3808,47,11079,8821,61,18419,14476,81,387616,300304,116,14.8636
216496,172905,102,85487,68770,99,2792,2427,30,5253,4583,39,11389,9674,58,20183,16453,85,428097,363621,117,14.8646
79383,76523,82,31499,31121,78,1126,987,0,1713,1678,21,4304,4303,35,7449,6934,46,161703,154787,95,14.8796
129542,106749,94,52353,43885,88,1330,1177,13,2802,2363,34,6641,5042,49,11525,8491,72,239309,196199,106,14.8846
186981,144758,98,59794,45585,97,2774,1839,31,4644,3746,38,9776,7662,63,16375,12372,74,357750,275656,114,14.8876
202231,148164,103,80668,60050,98,2778,1899,30,4448,2854,50,9364,7027,53,17125,12857,80,349746,271640,116,14.8936
111842,107473,82,46567,45205,81,1816,1969,21,3492,3338,32,7470,7210,45,12747,12151,65,276011,262646,98,14.9006
106986,104604,82,37576,37062,80,1319,1420,17,3305,3128,34,5733,5468,42,9150,8755,53,195043,186833,98,14.9016
183057,153780,97,62377,52214,93,2095,1754,22,3716,3175,37,8607,7052,55,16191,13856,70,365915,325353,111,14.9036
140682,134339,97,41957,41080,82,3713,3492,32,6519,5829,45,13701,13380,62,23962,22957,88,518180,483750,102,14.9076
89938,86378,96,34438,33891,78,927,997,0,1431,1811,21,4350,4052,37,6595,6201,44,157416,153126,96,14.9376
107857,103268,84,45494,43682,81,1837,1683,19,3210,2724,31,7519,7333,43,12464,12050,59,269902,257490,98,14.9447
144580,119671,92,52299,41754,91,1497,1482,19,3163,2410,36,8001,6974,51,14555,12634,73,314218,256802,108,14.9497
172739,143966,95,62428,52715,92,2220,1605,26,4847,4138,44,9251,8095,61,15969,13586,71,336413,288053,110,14.9507
110935,107786,84,45266,44458,82,1979,1617,22,3063,2860,33,6357,5998,45,12743,12449,60,248194,233034,101,14.9507
178592,143387,111,67418,52751,95,2194,1866,22,3985,3183,40,9217,7298,55,17483,13637,72,355526,287705,111,14.9587
230522,166129,112,76212,54519,111,2893,2065,33,5527,4014,48,12038,8716,64,21280,15883,95,416795,315384,129,14.9637
133527,119710,91,50599,44554,87,1659,1350,19,3572,3388,33,7845,7258,50,13449,11779,63,291321,258347,105,14.9717
162174,142811,91,76218,68500,89,2166,1588,26,4456,3966,38,8907,7925,54,16586,15310,74,324615,304849,107,14.9757
128497,116258,90,38968,34318,85,1741,1840,19,2862,2701,28,7941,7236,47,13531,12270,71,286977,259498,102,14.9787
230586,165549,132,76613,53910,117,2897,2207,31,5252,4233,44,12849,9298,71,23182,16125,94,489324,355165,132,14.9787
118858,116448,92,59215,57351,83,2002,1769,22,2539,2536,28,6464,6119,44,10341,9499,53,231771,221104,99,14.9797
197086,147071,112,68844,50912,98,3052,2060,31,4641,3709,43,9471,7578,55,17600,12908,81,371694,286296,117,14.9807
189351,164259,93,69324,59108,93,2805,2780,26,5059,4166,42,11363,9777,59,19587,17452,91,397743,356484,110,14.9837
93575,90829,83,36651,36310,78,1091,1171,12,2085,1831,25,4524,4144,38,8455,7612,48,172884,166542,96,15.0047
110173,105372,85,37533,35832,80,1501,1171,16,2920,2729,31,5964,5852,41,11586,10758,61,231759,219149,98,15.0117
132037,116189,92,39861,34877,88,1931,1961,22,3216,3141,34,8236,7456,49,15574,14244,74,315651,289083,105,15.0117
106721,101597,86,40978,39946,80,1897,1795,22,3657,2980,38,7262,6672,47,12478,12290,65,276242,263603,98,15.0197
189949,159298,98,70239,59376,96,1985,1869,20,4856,3980,39,9726,8244,53,15258,12636,77,315444,278162,111,15.0207
154305,130695,94,58577,49979,92,2480,1706,29,4480,3764,45,10154,8701,56,18000,16573,74,379544,338161,109,15.0237
148618,125048,91,56910,47696,90,1771,1551,22,4134,3323,41,8742,7089,54,15110,12702,74,326730,268279,108,15.0237
108507,104150,84,43517,42499,80,1645,1489,17,2782,2585,31,5902,5657,42,10080,9695,60,224026,214560,98,15.0277
126469,118506,100,71349,67709,84,1764,1806,20,3250,2725,33,7020,6742,44,13150,12397,62,255609,236799,100,15.0287
231741,176102,110,97216,74231,107,2884,2027,31,5309,4177,46,10585,8253,61,18047,14247,74,381479,306617,124,15.0297
96965,94652,80,32687,32250,78,1434,1357,13,2023,2366,25,6061,6252,41,10846,10803,61,221522,216648,96,15.0358
239185,187376,107,70524,55094,105,3246,2448,34,6853,4951,48,13533,10934,70,22782,18618,96,475847,398012,123,15.0448
184362,141290,101,61314,45406,96,2438,2018,30,4419,3246,41,10509,8133,65,17793,14753,80,403746,309431,114,15.0448
131524,116457,88,46573,41136,85,2009,1581,18,3203,2791,31,6833,6099,51,10829,9582,58,243860,215058,103,15.0538
157835,122405,102,56796,44708,95,2164,1442,24,3781,3071,38,7274,5895,48,12648,10776,64,253147,207438,112,15.0578
148591,127239,92,35204,29398,89,1953,1374,21,4110,3665,37,7155,6013,47,13932,11431,76,291593,256816,107,15.0638
183087,146208,98,71158,55783,97,2581,1955,28,5047,3958,41,9254,7302,56,18365,14651,83,368226,305478,114,15.0668
338338,258661,126,170904,131910,125,6909,5620,43,15256,11500,72,31251,24413,122,52339,40343,130,1.04858e+06,865282,142,15.0698
142748,123270,103,54951,47183,88,1812,1711,20,3622,3343,36,7774,7187,47,14256,12098,69,293496,267248,106,15.0918
98343,94745,94,43579,42827,79,1100,1020,3,2208,2022,27,4671,4695,37,7672,7781,47,165425,161200,97,15.0948
106299,100875,98,44941,44335,82,1749,1447,17,2423,2478,27,6287,6368,43,11581,11095,58,236805,232157,99,15.0958
155521,129216,96,52393,42068,91,1984,1744,27,3551,2898,37,8523,7069,54,14949,11880,68,325365,268502,108,15.0968
98588,95568,82,34286,33267,79,1563,1660,18,2995,2649,30,6231,5822,45,10657,9915,60,236018,222517,97,15.1078
145854,125234,95,51031,44369,88,1552,1333,17,3168,2636,38,6667,5534,48,10109,8918,54,223980,202991,105,15.1208
120473,117602,85,45396,43882,82,1711,1691,19,2768,2604,31,5743,5564,41,9880,9523,53,211283,200501,100,15.1269
103139,102138,81,28209,27967,77,1556,1493,16,2503,2459,30,5331,5051,41,9620,9192,62,200520,189468,97,15.1269
105660,98946,83,51320,48896,81,1880,1761,22,4396,4235,39,9910,8994,53,11603,10855,65,284300,272099,99,15.1279
169240,143131,94,71434,61011,91,2666,2086,27,5020,4178,39,9837,8482,57,18251,15189,70,365027,322541,109,15.1299
155718,125743,104,56307,46171,92,2260,1651,27,3521,2939,33,7545,6007,51,12726,10327,65,285759,233185,110,15.1309
111297,109214,83,30389,30097,78,1681,1518,17,2526,2356,28,5783,5619,41,9852,9478,53,190457,179004,97,15.1309
270520,185956,110,100611,70624,106,3954,2535,38,7359,5327,55,15405,10489,74,27425,19037,113,587193,403107,125,15.1439
230775,185898,107,84467,68106,103,3708,2862,36,6776,5740,43,14204,12374,64,24089,20097,84,522273,445432,120,15.1459
189688,156374,97,58982,48765,94,2409,2185,26,5091,4117,40,10562,8445,60,19205,16660,78,381392,328233,113,15.1579
108463,104243,86,36859,35358,81,1658,1754,19,2535,2316,27,5913,5468,43,9829,9491,53,205205,195289,99,15.1609
151499,133592,92,41701,36444,89,2041,1740,19,4046,3541,37,6732,5968,44,13392,12363,62,253481,233305,107,15.1669
95164,93711,80,30893,30297,77,1213,1530,16,2193,2019,28,5821,5403,42,10338,9650,52,219643,208249,96,15.1669
294278,247424,112,165552,143498,109,7062,6314,39,13728,11495,70,26977,22945,109,45902,38470,114,928064,768297,126,15.1669
155498,146028,100,80549,75903,87,2577,2046,25,4689,4499,37,9658,8832,52,17511,15857,78,367861,340182,104,15.1689
79322,79141,78,30078,29716,77,840,1036,5,1615,1909,19,4099,3937,36,7137,7090,47,154675,150618,94,15.1759
81257,81017,77,30892,30793,76,1037,806,0,2010,2083,24,3438,3577,31,6621,6709,40,139308,137236,94,15.1959
96428,93333,86,22244,22077,61,1221,1141,10,2050,2439,23,4720,4747,38,9059,8721,57,184555,177073,97,15.2099
94543,91453,83,36069,34918,79,933,852,0,2651,2407,29,5442,5393,39,9866,9704,52,204483,187977,97,15.224
84002,81393,81,20023,20062,58,908,969,0,2305,1948,25,4216,3894,36,7136,6921,49,152519,151438,95,15.228
119127,114507,92,66736,64635,84,1650,1622,18,2980,3105,27,5776,5298,45,11609,11420,54,220778,209214,101,15.229
178229,138731,96,49896,38143,94,2225,1786,23,4018,3254,37,8918,7284,54,14992,11732,72,352944,279197,111,15.236
97342,95225,81,24612,24457,70,1504,1589,18,2525,3049,26,6279,6205,43,12112,11735,65,250486,238615,96,15.237
169929,146127,92,69585,59309,91,2392,1930,27,4186,3676,36,9479,8436,52,17156,15045,86,362262,318849,108,15.253
174987,135459,99,63884,49117,94,2316,1723,26,4343,3618,42,9365,7577,57,17954,14204,79,353934,281331,112,15.264
217962,170187,106,85376,65453,101,3252,2243,33,5550,4451,46,12910,9946,67,22806,18190,85,473201,366860,119,15.267
111665,110343,81,38049,37220,79,1483,1454,16,2654,2485,28,6035,6035,40,9730,9747,54,212099,203362,97,15.287
80194,79077,79,32093,31427,76,1289,1208,9,2106,1859,25,4432,4268,36,7762,7216,50,164003,157680,94,15.29
148206,118563,102,55729,43988,91,1950,1695,26,3415,2829,35,8098,6268,54,13900,11546,65,302784,255064,108,15.296
258394,203613,123,117548,94877,106,3591,3104,33,6312,5256,49,13973,11546,64,23112,19790,91,489019,426964,123,15.3
69452,69636,78,28677,28320,74,692,795,0,1600,1947,23,3498,3355,32,7315,6897,45,140598,140067,92,15.3151
139022,125091,103,45409,38669,103,1744,1295,21,3873,3653,39,8192,7484,49,14775,12378,76,294730,258194,103,15.3151
91949,91018,88,32684,32489,76,1176,1381,14,2671,2365,28,6029,5630,41,10856,10692,57,227896,221928,95,15.3201
166638,153789,88,70968,64809,88,2682,2718,28,5974,5747,41,12633,11706,62,23878,22138,86,455880,435319,104,15.3201
227429,191788,122,100976,87661,103,4069,3556,34,7916,6882,58,17238,14762,72,28352,25518,105,562144,490414,122,15.3291
94352,90411,90,30410,29940,77,1278,1317,11,2497,2709,29,6084,5739,42,9946,9875,48,221993,210737,96,15.3321
158458,144168,97,63386,58850,89,2275,1838,24,3808,3315,34,7206,6317,48,13652,11850,61,283705,252894,107,15.3521
127366,113311,90,32814,29693,84,1317,1308,16,2579,2429,32,6284,6343,41,11013,9168,65,232365,216607,103,15.3531
149609,128868,92,54408,47556,88,1729,1524,19,3766,3147,39,6457,5796,44,11479,9593,56,237553,209610,106,15.3541
256351,178181,106,90080,61444,105,3747,2397,41,6195,4629,48,13965,10084,71,23362,16529,90,471538,337064,123,15.3561
87717,88027,77,34393,34137,77,1280,1362,13,1976,2147,26,4536,4160,40,8371,8547,46,180681,174857,94,15.3611
80476,79882,79,38839,39114,76,1226,1318,14,1861,2103,23,4075,3888,36,8269,7634,50,169114,158511,94,15.3631
123095,117895,84,42184,40467,82,1618,1499,19,3049,3227,30,7116,6781,45,12712,11885,61,258650,238716,100,15.3651
134895,118509,89,42244,36073,88,1899,1705,22,3558,3082,33,6407,5901,45,12188,11065,63,272023,240437,105,15.3711
88453,81627,82,31961,28882,81,886,910,0,2197,2354,26,4430,3950,38,7467,6833,48,172347,161021,98,15.3721
160815,126813,105,52234,39746,95,2463,1753,28,3361,2650,34,8422,6492,57,15387,11125,87,331958,257608,110,15.3721
165377,135436,94,70619,58035,93,2307,1841,28,4523,3872,35,9040,7279,61,15768,12706,76,341578,275082,109,15.3751
129185,111796,90,53143,45773,87,1207,1015,5,2664,2371,25,5471,5054,43,10109,8643,54,219254,189770,104,15.3781
98998,94917,84,35309,34909,79,1358,1114,8,2626,2546,29,5628,5386,41,9927,9546,50,201145,188636,97,15.3791
104736,100902,84,41027,39448,82,1396,1497,17,2683,2749,32,5889,5769,42,10744,10494,56,214986,205147,98,15.3841
116524,113140,91,25966,25422,75,1671,1677,20,3406,3134,32,7103,6581,52,12606,11844,62,273706,252730,98,15.3881
126485,116650,98,44519,41267,83,1685,1608,18,3143,2861,32,6359,5705,44,12265,11740,61,245520,232972,101,15.3922
144036,113224,96,58706,48029,92,2160,1607,24,3695,2576,36,7205,5664,49,11882,9366,65,266122,208492,109,15.3952
103184,101515,80,43531,42328,80,1425,1819,17,3451,3020,37,6278,6167,41,11739,11705,55,244384,233977,97,15.4022
114699,108166,84,32839,30715,81,1944,1769,19,3266,2973,34,6914,6081,50,13105,12200,62,269578,252888,101,15.4092
147208,129640,100,61094,54287,88,2195,1988,25,3307,3059,33,7745,6974,47,13404,12335,64,267362,252352,106,15.4122
161329,132393,91,58937,47068,91,1891,1551,22,4176,3462,43,8833,7250,59,15927,12078,70,336944,270960,108,15.4122
171157,137189,99,73352,58454,94,2086,1714,25,4019,2921,41,8790,6775,56,14924,11837,67,332043,263906,111,15.4132
104224,103808,79,39268,38386,78,1699,1646,18,2763,2921,29,5894,5330,43,9445,9066,59,208814,196106,96,15.4132
87659,84563,79,34164,33367,77,927,919,0,2352,2036,23,4594,4399,38,8235,7832,50,174713,167424,95,15.4202
141137,131065,96,60632,56739,86,1901,1653,22,3600,3551,33,8844,7930,54,13811,13272,60,304636,285738,103,15.4202
135033,122674,96,59750,54851,85,1709,1631,19,3517,3074,35,7412,6995,45,12513,11626,59,267137,251846,102,15.4252
52281,53787,72,25191,25246,71,776,653,0,740,851,0,2240,2278,25,3994,4130,33,85089,86095,89,15.4262
198763,166937,98,54857,43874,94,2160,1817,25,5159,3868,46,9858,8515,62,17097,14206,77,347364,300274,112,15.4302
119460,110534,85,46663,42591,83,1775,1730,21,3072,2607,31,7168,6547,47,12447,11708,61,251522,237436,100,15.4362
149665,117638,95,58240,45879,93,1581,1340,20,2936,2589,31,6607,5205,48,10874,8572,62,243985,186970,110,15.4412
101848,95461,84,38129,36879,80,1132,1070,10,2300,1972,24,5038,4642,39,8646,7664,47,170347,157144,98,15.4502
114383,102970,95,48985,43926,84,1475,1494,17,2637,2479,28,6203,5710,42,11099,9781,55,250074,228626,102,15.4522
235364,155153,114,86762,57729,111,2602,1899,33,5500,4035,48,12231,7994,68,21865,14187,98,461066,317803,129,15.4612
146826,126173,91,52838,45460,88,2132,1627,24,3515,3049,33,8017,7118,50,15371,13394,72,307628,274353,106,15.4662
100653,98276,81,36479,35440,78,970,1178,9,2283,2162,22,4295,4357,35,7866,7840,46,173771,169565,96,15.4712
118160,111302,94,47123,45982,82,1443,1678,18,3397,3186,34,6036,5783,44,9863,9496,52,205014,191195,100,15.4732
266252,154815,121,76270,45932,114,3066,1798,37,6644,4029,59,13540,7881,74,22782,13886,101,468829,281689,132,15.4792
88267,84183,88,24444,24121,65,1245,1187,9,1878,1908,23,4640,4444,38,7164,6802,47,162716,156119,96,15.4953
190173,154092,98,77199,64362,95,2516,2033,27,4128,3777,40,9027,7538,50,15702,13306,75,339661,287870,112,15.5123
197173,154849,100,66918,53322,98,2244,1714,27,5299,3739,51,10863,9059,58,19488,15941,90,410668,325770,116,15.5163
172380,137645,96,59471,47760,94,2438,1734,26,4802,3741,40,8942,7321,58,15274,12108,71,325362,258214,111,15.5273
96268,94794,83,29107,28632,77,1513,1186,15,3257,3091,30,5076,4940,38,10106,9654,53,203606,191469,96,15.5293
104471,101125,90,36796,36221,79,1903,1498,18,3381,3051,33,6800,6460,42,12841,12387,65,274669,260595,98,15.5353
92336,91570,82,36459,36291,78,1051,1169,9,2091,2032,21,4506,4063,39,7007,6879,46,161898,155160,96,15.5373
111717,108069,86,46295,45191,80,1679,1717,19,2612,2559,28,6196,5775,44,10934,10459,58,236136,229026,98,15.5423
108510,106425,81,66474,65056,81,1910,1710,19,3375,3058,32,6895,6663,44,11764,11141,62,246355,232892,98,15.5433
188199,153068,98,73938,61613,96,2448,1908,26,4359,3240,41,9831,8166,56,16731,13036,76,348436,283554,114,15.5463
109193,102571,91,42748,41985,82,1564,1609,16,2566,2627,28,5248,5195,39,9352,9014,50,214463,207635,100,15.5533
103397,100875,82,22821,22259,63,1378,1249,13,2688,2927,28,5803,5343,41,10614,9725,61,226153,214569,98,15.5613
100314,96181,83,35860,35121,80,1608,1185,13,1570,1778,19,4552,4473,37,7326,7371,42,168360,163710,98,15.5673
116899,114771,82,35388,34812,80,1865,1613,16,3160,3509,32,7477,7581,46,14336,14238,65,288181,276857,99,15.5764
134337,117334,93,51505,44876,87,1833,1587,22,3635,2577,38,8213,7130,53,13527,11464,68,294557,262549,105,15.5774
94103,91862,82,40825,39200,80,1269,981,0,1739,2150,20,4536,4334,36,7856,7710,46,150941,141613,96,15.5774
140410,126184,92,59470,53303,88,1856,1551,23,3397,2760,38,6747,6295,45,13342,11893,64,261908,240280,105,15.5834
174849,151895,94,57987,50316,89,2522,2114,29,5095,4462,43,10194,9083,55,18980,17376,75,379961,350813,109,15.5864
136359,125755,100,63140,58401,86,1682,1462,18,3739,3513,35,7162,6536,49,12680,11315,65,260000,235890,102,15.5934
121484,113355,87,37148,33645,84,1298,1433,14,3024,3046,30,7427,6646,50,11557,10768,60,249309,232437,101,15.5984
178393,136902,100,67441,52308,93,2470,1493,29,3730,3058,40,9703,7640,60,16829,13773,71,355938,278821,111,15.5994
72816,71774,80,29365,29210,75,837,912,0,1842,1576,22,3908,3719,35,6796,6699,43,142975,137092,92,15.6014
123563,115863,88,54136,50860,84,1429,1470,17,2295,2392,28,5444,5115,42,9722,9142,57,203892,189139,101,15.6014
104157,100920,96,28952,28443,79,1288,1036,7,2411,2835,25,5246,5444,38,9770,9448,54,188437,181951,97,15.6174
104463,102225,81,38659,37759,79,1292,984,0,2625,2223,27,5296,4998,43,9008,8709,50,177491,166417,97,15.6314
191649,150983,109,65131,52385,95,2424,1949,27,4172,3648,36,8484,6947,55,13946,11413,63,315302,255492,114,15.6374
158159,124999,95,63021,50346,92,2356,1732,27,4189,3090,41,8256,6547,54,15168,12392,72,337815,267379,109,15.6434
95075,91945,90,34954,33909,79,1071,1204,12,2810,2680,31,5915,6007,41,10872,11345,59,227452,222705,97,15.6514
87957,86092,84,30535,29732,78,1376,1361,15,1703,1710,20,3829,4092,34,8165,8096,48,165927,163883,96,15.6534
104532,100784,89,35589,34758,79,1596,1703,19,2075,2366,24,4998,4814,38,8183,7505,54,185885,176584,97,15.6544
57480,56689,75,21510,21380,62,438,743,0,703,1134,10,2568,2632,29,4590,4145,39,98201,92026,90,15.6655
142874,132255,86,72631,66917,87,1680,1616,17,3361,3020,33,7936,7743,46,12598,12118,61,275773,259127,103,15.6875
84255,82350,80,33499,33042,78,1446,972,0,2139,2383,23,5137,5253,37,8699,8327,56,180493,177245,95,15.6905
216826,180733,99,90623,76691,96,3328,2794,32,5701,4792,45,12719,10769,61,22273,18670,92,471913,420581,113,15.6935
153737,123808,92,63646,51694,91,1999,1610,23,3274,2572,37,8204,6541,50,15749,12315,80,331468,271798,108,15.6965
93499,93519,79,30175,29662,77,1455,1386,20,2261,2560,25,6195,5981,43,10921,10802,60,216760,210949,96,15.7125
130413,117386,90,40432,35740,84,1990,1977,20,3070,2689,32,6904,5929,48,11336,10312,55,246081,224225,103,15.7185
173967,149913,93,56853,47414,92,2367,1880,28,5303,3956,46,9935,8653,59,16704,13946,78,359613,319963,109,15.7205
78671,76998,81,28670,28335,76,877,1055,5,2205,2152,28,4570,4330,37,6655,6425,46,157535,153310,94,15.7235
292858,193928,113,89916,57689,113,3325,2148,37,6294,4171,48,13601,9696,69,23565,15312,102,500356,345713,131,15.7255
222610,169835,99,83294,62195,100,3017,2236,32,5447,4318,44,10578,8277,61,19307,16188,74,408852,335572,117,15.7305
220095,181683,107,87943,71986,105,3880,3307,35,6783,5599,50,13902,12206,66,27159,23514,106,547036,471906,122,15.7315
161278,127271,95,54530,42388,92,1569,1430,15,3522,2572,37,8398,7154,51,13049,10530,68,314762,251061,109,15.7365
111650,108827,84,41622,40865,80,1272,1189,12,2655,2199,30,5513,5619,41,10388,10073,53,213505,202122,98,15.7415
215724,163029,110,79076,60720,107,2851,2162,30,5034,3844,43,10219,8082,61,18588,14912,76,373924,288669,125,15.7435
118277,105770,88,45301,41130,85,2147,2001,25,3834,3537,34,7217,6610,47,14550,12333,69,274080,257755,103,15.7566
100376,100070,85,40666,39693,79,1427,1119,10,2305,2147,26,5735,5596,44,11451,10679,57,221417,212402,97,15.7576
161916,128427,100,59084,47085,92,2076,1539,24,3866,3219,40,8129,6837,53,15544,12675,73,300179,244228,110,15.7596
84567,84888,78,33863,33367,77,1158,968,0,1978,1998,22,5220,5363,39,9097,9261,52,180439,178365,94,15.7636
203432,155458,101,64484,49400,99,2743,2086,30,5185,3931,45,10216,7869,60,16808,12186,83,359383,281136,118,15.7646
158377,132780,93,62028,52291,89,1893,1680,22,2976,2759,34,7016,5958,46,12096,10421,60,253604,220169,107,15.7696
164033,144921,92,58523,51339,91,2134,2038,24,4368,4474,38,9547,8670,56,17207,15668,69,357793,326191,108,15.7766
119524,109225,86,45324,41060,84,1333,1455,16,3607,2446,36,6671,6487,43,11106,10217,61,228358,215910,99,15.7776
287405,200497,131,98007,66373,127,4110,3179,39,6139,4980,49,16131,11884,74,28184,20331,113,565964,413169,146,15.7786
136999,120270,94,39018,33027,88,1640,1395,14,3559,3109,32,7682,6638,50,12358,10945,61,271467,238091,104,15.7856
170439,142714,95,57015,45437,92,2174,1602,26,3641,3145,39,7861,6538,52,13210,10881,66,323380,266992,109,15.7876
80103,80855,77,29038,28916,75,962,855,0,2386,1983,25,4388,4477,36,7292,7681,41,161036,157538,93,15.7976
144246,121518,89,54675,45022,88,1998,1578,24,3332,2891,34,7747,6456,52,14149,11421,71,299995,260682,105,15.8016
196726,165752,104,62566,53636,93,2474,1950,29,3832,3692,38,9901,8747,56,17058,14472,75,353335,310958,110,15.8056
76475,73747,94,28268,27760,76,967,992,0,2181,2108,22,3831,4020,33,6836,7420,38,144763,141658,94,15.8116
166823,135247,93,63773,51976,91,2532,1934,29,3788,3113,35,9121,7159,60,16180,12899,84,347795,291333,109,15.8156
104654,100369,82,33603,32759,79,1121,1153,10,1848,2211,20,4701,4783,38,8213,7846,51,183679,176851,98,15.8236
84036,81597,91,32747,32423,77,1042,937,0,1756,1642,21,3750,3936,32,6384,6731,42,144572,140692,95,15.8537
116393,113382,82,28775,28086,80,1469,1335,17,3043,2328,33,5550,5412,40,10930,10098,60,222579,211108,100,15.8577
45293,41971,86,14403,13539,54,617,765,0,1004,1022,3,2225,2188,24,3226,3076,30,79171,70406,88,15.8577
146091,117755,92,55449,44940,90,2053,1556,24,2887,2532,32,6540,5559,46,11454,8839,66,262213,214825,108,15.8687
136061,113097,92,41688,34035,88,1987,1837,23,2879,2810,30,7320,6113,51,12573,10600,67,257901,215983,106,15.8687
140019,123096,88,52112,46300,86,2086,1767,23,3821,3143,36,8104,7247,50,14688,12976,74,301925,270115,104,15.8697
295646,230190,128,147085,118158,124,5413,4404,39,11538,10341,63,20716,17408,79,35341,28377,125,707296,600842,141,15.8787
148885,120638,98,55838,45592,90,1983,1524,18,2646,2436,32,6780,6040,48,11690,10265,61,234392,193796,107,15.8787
124364,120528,88,28342,28192,78,1340,1595,15,2990,2786,33,5977,5855,41,9059,9123,46,222695,214467,99,15.8987
247885,174499,112,84091,60450,108,3323,2369,36,5216,4008,46,12631,8868,66,20630,14456,85,441117,326407,126,15.8987
186812,130141,108,70054,49032,100,2737,2194,29,4258,2954,48,9509,7106,59,16978,12306,73,342205,242367,117,15.9057
175175,141390,110,62931,51793,92,2436,2110,24,3857,3631,36,8740,7385,52,14990,12528,65,309141,256289,110,15.9217
200216,143788,104,72724,51065,99,2757,2064,34,4919,3626,47,11150,8293,65,20027,14680,92,427454,306796,116,15.9247
56697,59201,70,18834,19287,53,550,745,0,1334,1053,7,2513,2443,28,5060,4909,41,102019,101279,90,15.9247
235192,171654,110,84689,62530,103,2756,1884,32,4710,3278,42,11000,8198,60,18375,13666,78,385593,281749,122,15.9287
112352,109856,83,60056,59245,81,1488,1593,18,2906,2641,30,6128,5735,45,9608,10171,49,209553,198292,97,15.9287
69922,69308,77,19116,18912,58,847,931,0,1773,1781,21,3113,2820,31,5323,5276,42,114505,112528,92,15.9358
162506,129536,94,63806,50129,94,1947,1564,20,3821,3284,37,8449,6714,56,14892,11597,73,311771,252290,110,15.9378
83763,84819,77,32990,32508,77,1209,1030,5,1863,1736,25,4325,4042,38,8105,7780,49,164455,155700,94,15.9548
256087,176765,114,88616,62032,108,3685,2720,37,6368,4076,49,13343,9324,66,21441,15016,91,449474,319664,127,15.9558
96703,94442,88,36571,35919,77,962,1125,8,2752,2109,36,4746,4924,36,8626,8369,46,179948,169944,96,15.9558
131596,115207,91,34817,30067,82,1814,1732,18,2910,2379,30,6019,5460,44,10993,9665,57,223054,200070,102,15.9618
182692,146707,99,57456,45977,97,2795,2057,29,4774,4132,40,9989,8561,63,19247,15398,83,390355,323951,115,15.9638
201422,154029,98,67380,51820,96,3036,2762,26,4799,4034,43,9961,7604,61,17359,13670,82,391549,305039,114,15.9728
201524,155785,103,64137,48651,96,2524,2044,31,5334,4073,44,11194,8309,58,17573,14179,78,374591,292250,114,15.9768
93279,91583,81,31182,30752,78,1379,1141,10,2258,2217,25,5115,5042,38,10699,10102,56,203513,192722,96,15.9818
148656,119441,93,53086,42705,89,2005,1627,22,3526,2751,39,7757,6228,54,13699,10651,67,291855,236469,108,15.9878
116029,108203,85,43135,39387,83,1769,1440,21,3144,2948,33,7244,6922,45,12549,11675,58,265157,243768,101,15.9888
161239,137989,108,59509,51600,90,2130,1764,27,3999,3180,40,7807,6550,49,13663,12087,67,264267,245307,108,15.9938
106955,102953,82,30676,29830,78,1308,1326,12,2221,2577,27,5737,5405,42,9753,9500,55,196502,184101,98,15.9938
77090,76934,79,30988,30156,77,1130,967,0,1929,1847,24,4039,4260,34,7873,7741,50,167323,160659,94,15.9958
209149,180900,98,72566,62710,96,3489,2835,33,5890,5345,40,14488,13192,63,23796,21452,97,513277,461265,112,15.9968
65146,62827,82,23799,23432,74,1010,1080,7,1541,1639,24,3197,3247,29,5796,5369,44,120662,119881,92,15.9978
99668,99103,80,29066,28611,77,1677,1605,20,2736,2600,28,5554,5483,41,10173,10072,54,221187,214405,96,16.0008
152302,144800,88,68274,63941,87,1834,1528,21,4154,3800,35,7718,7261,49,13828,12538,65,295574,273463,104,16.0008
115492,111061,85,33897,33189,80,1440,1541,19,2349,2697,24,5403,5428,43,10113,9723,58,195635,183383,98,16.0249
149016,123357,94,56402,47450,89,2096,1792,23,4035,3553,42,8099,6944,50,13713,12128,59,286800,247460,107,16.0279
255570,195728,120,82223,63747,104,3442,2500,34,6804,5535,48,14299,11380,70,24665,19214,97,503442,405506,122,16.0289
87441,83556,85,34121,33443,78,1218,1130,9,1854,2073,23,4441,4413,36,7587,7502,45,147651,140265,95,16.0319
102131,99514,82,40753,39515,80,1603,1495,18,2346,2462,26,5613,5471,39,9332,9213,54,204678,192691,97,16.0389
189321,161008,96,82820,70837,93,2910,2594,29,5075,4647,41,10713,9661,61,16808,15162,76,373313,341363,110,16.0399
194237,148629,108,69753,51801,97,2351,1896,26,4476,3689,42,10135,8034,59,17933,14085,79,382340,297251,114,16.0409
101680,98395,96,38453,37608,79,1326,1283,14,2262,2128,25,5712,5441,45,9404,8658,54,213457,210087,97,16.0469
116093,112958,85,41960,40941,80,1722,1804,19,2845,2379,28,5848,5815,43,10032,10019,50,220102,212296,98,16.0589
79663,79268,80,30942,30735,77,1310,1236,11,1877,1543,22,4264,4193,35,7211,6948,50,167484,160413,95,16.0619
122946,119382,82,51313,49503,82,1291,1416,15,3079,2560,31,6259,5633,45,10387,10075,53,223986,211001,99,16.0669
85855,83285,83,23776,23438,69,1173,1089,6,2113,2351,22,4746,4641,39,7740,7353,48,166856,158957,96,16.0719
178477,141277,93,63414,48141,93,2729,2159,31,4320,4037,38,10171,8176,57,18579,14466,82,394912,313823,110,16.0749
73897,73549,80,24840,24675,73,1472,1382,18,1526,1970,17,4826,4539,41,7904,7638,46,189814,185099,92,16.0749
70717,68836,80,25512,25173,71,845,952,0,1522,1578,16,3137,3044,33,5548,5501,40,122809,119262,93,16.0789
189476,163513,95,64713,54239,93,3302,2492,35,4716,3635,39,11341,9865,57,20076,17848,90,435986,388344,111,16.0869
141160,121528,92,50867,43625,88,1569,1304,14,3745,3413,33,7419,6339,51,13331,11087,71,288914,253710,106,16.0909
106878,102199,94,29838,29182,79,1438,1387,15,2479,2841,25,5447,5236,40,11096,10776,61,209259,203035,98,16.1019
193622,152551,98,58810,46383,95,2596,1896,30,5000,3984,45,9319,7433,59,16247,13747,74,323123,262757,114,16.1079
134670,120106,101,41900,36484,87,1999,1593,24,3369,3151,32,6177,5672,42,11129,9737,57,229939,207151,104,16.11
249615,180761,108,81848,60235,104,4105,3072,39,6802,4873,55,14971,11344,71,26690,19600,108,585361,445660,123,16.111
193230,152344,98,53004,43134,94,1926,1371,20,3983,2951,38,8419,6540,59,13835,10677,68,297774,238237,114,16.117
184344,147929,96,59952,47573,93,1866,1674,19,4672,3778,40,9482,7814,58,17088,13654,73,347406,278481,111,16.121
129849,124067,86,43556,41508,82,1774,1924,19,3348,3269,33,6742,6366,46,11985,11140,56,242828,230337,101,16.124
92813,89740,79,39529,38266,79,1410,1501,15,2193,2315,26,5171,4858,40,8550,8447,50,174151,170330,97,16.127
138045,118627,89,54637,47120,88,1689,1485,20,3007,2341,37,6334,5645,45,11400,9091,63,227441,202659,105,16.139
175800,142941,102,55313,44515,95,2152,1795,21,4432,3713,41,9030,7523,56,14815,13013,71,328088,277373,113,16.143
104181,100914,82,42762,41775,80,1331,1654,17,2790,2952,27,6909,6597,49,12054,11524,65,253950,243432,98,16.145
193398,172259,95,103183,90765,96,3326,2859,30,5659,5117,43,13793,12207,62,25080,23252,94,524214,468498,112,16.152
114172,109081,84,31168,30010,79,1747,1519,22,2836,2744,28,6572,6568,44,12023,10871,64,251215,231387,99,16.157
140925,118667,93,54716,46075,89,1743,1645,20,3642,2744,38,7360,5998,47,11684,9995,57,238955,201529,108,16.162
126506,122744,85,33764,32990,81,2023,1785,21,3584,3386,33,7781,7450,50,12710,12435,59,277224,263038,100,16.162
186466,143443,101,71556,55560,97,1903,1437,24,3972,3347,39,7714,6133,51,13219,10229,67,309137,239663,115,16.163
187339,162206,103,105071,93656,94,3613,3562,31,6246,5903,44,14034,12231,68,24040,20023,94,503390,433623,111,16.165
82433,81429,84,29381,29377,76,1027,982,0,1271,1805,16,4041,4007,35,6348,6394,45,129568,122072,94,16.166
172454,133158,101,58301,44946,93,2158,1656,23,4650,3123,49,8807,7063,57,16088,12645,75,331730,261086,112,16.175
99794,98338,83,37010,36015,79,1389,1264,11,1906,2109,23,4873,4838,37,8739,8815,47,178304,167396,97,16.177
96264,94452,80,38445,37620,79,1529,1453,16,2755,2825,30,5494,5234,40,10314,9838,55,207728,198012,96,16.185
132728,112516,90,53957,46278,88,2132,1465,23,3075,2488,36,7464,6260,50,11942,10009,66,254012,226061,104,16.187
93334,90582,81,28474,27637,78,1214,1013,4,2707,2552,26,4958,4886,39,8912,7951,55,187219,171359,97,16.188
124875,119581,86,45810,44331,81,1661,1366,16,2921,2917,30,6590,6324,47,11952,11194,59,236298,220275,100,16.189
145223,124512,95,42460,35785,89,1993,1431,26,3455,3254,32,7175,6490,45,13314,10622,69,271522,233796,108,16.19
140045,121193,98,55374,47269,89,1624,1576,18,4013,3342,32,6714,6180,45,13064,11050,64,273540,241894,105,16.19
93650,89500,97,35031,34410,78,1015,1114,8,1823,1778,19,4545,4362,38,8006,8007,46,173461,170268,97,16.195
134029,128596,86,59616,57778,84,2227,2099,23,3757,3740,32,7433,7473,43,11567,10759,58,265001,248565,102,16.196
98517,96430,81,35852,35508,78,1422,1620,16,2336,2562,27,5788,5778,40,9608,9335,52,220029,212115,96,16.1991
179132,137046,98,67793,51247,96,2629,1973,32,4572,3803,43,10234,7209,64,18977,15171,74,383857,285658,114,16.2041
112334,106543,82,55888,52905,83,1781,1904,18,3297,3141,32,7006,6659,45,12771,11206,65,240982,227503,99,16.2101
101920,99941,81,50567,49892,79,1742,1560,20,2172,2208,27,5674,5667,41,10667,10026,54,202293,188185,97,16.2151
101157,99638,85,47453,46740,79,1437,1442,17,1775,2006,22,4925,4940,40,9457,9091,54,188742,184037,97,16.2161
202161,170695,96,90177,80007,92,2936,2856,27,6899,5875,51,13943,12137,67,25229,21096,96,536050,461981,111,16.2221
101825,97179,84,42151,40835,81,1935,1958,24,2802,2994,29,7188,6992,43,12749,12323,68,277007,264047,98,16.2281
98404,96117,85,35833,35479,79,1395,1390,14,2311,2118,22,4730,4573,38,8496,8277,53,177256,173042,97,16.2291
190356,148718,99,69178,53343,96,2171,1558,27,4219,3273,39,8907,6845,57,14601,11762,70,324392,253760,112,16.2301
114240,108899,84,43792,42140,80,1723,1497,16,2995,2618,29,6095,5816,43,11009,10339,59,226522,211443,98,16.2411
170132,156568,90,50287,45983,88,3249,2601,31,4975,4953,36,11296,10804,65,21295,19437,83,438178,411420,106,16.2461
141748,123087,96,47433,41209,86,1867,1602,23,3392,3286,34,6775,6014,47,12709,11074,65,256762,229011,105,16.2541
175957,145891,100,67112,55445,94,2271,1848,27,3738,2868,39,9005,7383,54,16075,12455,78,337789,274397,111,16.2621
93601,90029,91,34209,33725,78,952,1075,8,1780,2120,22,4422,4287,37,7904,7841,49,166770,162129,97,16.2671
154253,133634,96,47560,42095,89,2153,1673,27,4099,3758,37,8664,7383,54,15019,13132,67,319434,289653,106,16.2671
244248,186723,108,72831,56264,103,3568,2465,35,6287,5076,46,13074,10435,62,23109,17423,107,457175,372979,122,16.2671
116494,107003,87,50187,45242,86,1769,1418,19,2272,1958,29,5882,5729,42,11326,10726,57,231291,210148,102,16.2681
116525,112703,83,48053,47062,80,1681,1462,22,2453,2210,27,6210,5870,45,10535,10472,51,224075,213813,99,16.2892
116013,109819,85,50575,47762,82,1388,1300,18,3344,2781,32,6386,6273,43,12166,11755,63,256481,241648,100,16.2902
152726,118823,96,56829,43494,93,1852,1571,23,3651,2980,38,7409,5538,53,13465,10587,63,294193,235950,110,16.2992
201308,162310,103,80687,66033,96,2352,2061,27,4925,4503,42,11052,8716,65,18350,14706,74,372851,318281,114,16.3002
148600,124313,103,58881,48596,91,1846,1558,20,3480,2827,39,7530,6775,48,14966,12506,78,292583,256446,108,16.3022
93948,90994,82,34286,33354,79,1445,1385,16,1664,1580,27,4262,4160,37,7968,7528,48,169251,159056,97,16.3122
147914,117424,98,53907,43276,92,2351,1876,29,3667,2951,40,7164,6270,47,14034,11157,71,294138,239688,109,16.3182
109257,107564,80,41264,39981,79,1245,1156,11,2063,1804,28,4542,4555,36,8550,7490,55,170659,163738,97,16.3192
210638,170797,99,84718,70379,98,2624,2188,28,4779,4142,41,11324,9248,64,18623,15603,74,391176,332125,115,16.3282
175426,142158,94,52362,42098,90,2411,1895,28,4410,3470,43,9241,7597,53,16782,13196,77,345160,291584,110,16.3382
163763,132515,96,65532,54064,92,2044,1773,20,3698,2968,39,8096,6312,51,13458,10901,64,291397,244558,110,16.3382
89664,84861,95,32290,31920,78,927,819,0,2108,2430,24,4384,4114,37,6949,6929,47,142381,137226,96,16.3382
159086,136084,93,62734,54082,92,1745,1364,21,3983,3709,36,8394,7247,54,14769,12514,70,325049,279014,108,16.3412
147911,121673,97,45074,36781,88,2003,1970,20,3624,3203,34,9153,7931,56,16193,13256,80,345807,295504,108,16.3482
69848,69617,77,35593,35043,76,701,753,0,1851,1849,24,3095,3058,31,4719,5400,35,123648,121234,92,16.3492
89161,86290,82,34512,34318,78,1323,1230,12,1661,1615,19,4566,4718,36,7554,7419,47,172761,166613,96,16.3492
81536,80164,79,14724,14836,47,1294,1138,11,1824,1713,23,4753,4753,38,7892,7843,50,174796,167693,94,16.3562
119746,114202,94,37839,36448,81,1656,1855,19,3406,3248,36,7454,7302,44,13619,12816,70,289384,281762,100,16.3642
129389,123234,86,55347,53667,83,2311,1780,27,3242,3198,33,7198,6565,45,12396,11932,64,263777,248394,101,16.3682
102614,100118,81,33587,32953,79,1736,1461,18,3121,2739,32,6130,5978,42,11319,12023,52,238164,227708,97,16.3712
155991,133310,95,60631,52037,92,1881,1646,22,3418,2859,39,7116,5634,50,12742,10798,69,256059,219766,110,16.3742
54418,57424,71,28260,29004,72,735,692,0,646,1223,11,2169,2163,24,3834,3916,35,78315,78318,87,16.3752
83947,82570,88,27880,27404,76,1377,1324,13,2339,2455,25,4578,4781,37,7982,7987,50,196229,187219,94,16.3752
150180,121934,97,54819,44479,91,2220,1794,27,4222,3108,40,8465,7363,52,15361,12959,81,314286,262034,109,16.3853
146939,121080,90,50633,41298,89,2283,1672,22,3406,2787,36,8694,6728,57,14920,12597,68,326744,269750,107,16.3853
115334,111591,83,36936,36362,81,1657,1384,18,2830,3212,28,7350,6855,49,12408,12203,60,265249,253190,99,16.3863
121071,115778,85,31336,29623,81,1802,1548,19,3660,2988,35,6553,6264,43,10995,10043,55,247118,238147,100,16.3933
94480,92190,83,33926,33233,78,1043,1195,11,2584,2163,31,5600,4987,41,9658,9322,52,206354,196567,96,16.3963
132147,114946,87,51759,44657,87,1626,1385,14,3214,3121,34,7413,6391,49,13450,11006,62,290720,253389,104,16.4143
69184,68518,75,28464,28453,75,1189,953,0,1030,1367,14,3473,3457,31,5989,6090,43,128515,123864,92,16.4183
139374,125359,92,54397,48782,87,2048,1771,24,3318,3012,30,7493,6988,46,14588,13229,69,291041,266706,104,16.4183
85864,85338,76,26303,26375,71,1233,1162,11,2329,2168,30,5123,4854,42,8252,8412,46,179728,170333,95,16.4223
113388,109040,86,43227,42083,80,1573,1408,18,2627,2535,27,6413,6085,44,10478,9724,57,226253,216029,98,16.4393
187601,144807,105,62511,47074,96,1785,1410,26,4369,3708,37,9070,7158,57,16451,13091,77,350309,278320,114,16.4443
85423,83972,81,28390,28247,76,1620,1469,16,2418,2387,26,5374,5226,37,9520,10009,47,201678,195633,96,16.4603
89220,85746,95,27465,27419,77,925,1187,10,1940,2247,19,4815,4935,36,7946,7937,46,176883,172013,95,16.4613
100228,97600,82,34336,33662,79,1679,1296,21,2053,2438,28,5227,5075,37,9157,9488,51,194092,186115,97,16.4663
255368,202415,112,117564,95899,106,4444,3998,35,8109,6872,49,18334,15313,77,31068,26844,108,670995,572843,123,16.4774
133674,121784,104,43269,38156,104,2752,2475,27,25506,24913,92,6862,5735,49,5845,4358,53,34077,13180,104,16.4774
117546,103613,85,38900,32987,86,1341,1047,9,2654,2159,30,5763,4959,44,9469,8471,57,213504,187871,102,16.4814
167259,142604,108,49133,41792,93,2375,1956,24,3786,3267,37,8595,7371,53,15682,12770,74,325412,283636,110,16.4844
99841,98560,82,37404,36828,79,1033,1370,13,3250,2804,32,5199,5166,38,10044,9529,57,224037,214703,97,16.4874
169432,140833,98,54936,45390,93,2345,1895,27,3765,2865,40,9510,7907,54,16362,14274,72,359373,308300,111,16.4964
202305,164314,104,70383,57246,103,2712,2354,25,4694,4198,40,10241,8580,60,18021,15147,81,370122,313148,120,16.4974
178226,141345,96,77047,61148,97,2296,1923,27,4617,3535,44,10347,8190,64,16565,13407,71,394465,322213,114,16.4984
130497,122941,93,59421,57030,85,1920,1882,22,3985,3415,38,6983,6571,46,12433,12082,60,252925,234916,102,16.5054
91717,88952,91,41374,41046,78,1246,1236,12,2427,1905,26,5007,4920,38,8802,8800,49,180743,180862,96,16.5084
204752,156911,106,73818,56682,96,2460,1908,28,4608,3286,42,9897,7692,58,18011,13720,81,364539,291334,114,16.5254
224885,169177,103,73484,54962,97,2533,1827,31,4805,3808,48,10215,7808,58,17582,13865,76,371760,288694,116,16.5264
96967,94346,97,41083,40375,79,1221,1351,15,2191,2153,24,4895,4762,38,8058,7798,50,171916,167877,97,16.5274
83400,81850,80,16250,16181,52,1336,1323,10,1851,2157,20,3507,3614,34,5880,6040,42,127203,129794,94,16.5374
67908,68042,78,23408,23377,67,747,863,0,1595,1529,19,3219,3106,31,4916,4944,38,107479,105952,93,16.5414
130430,116967,87,57265,51660,87,1853,1606,23,3206,2784,35,6092,5335,47,10057,8227,56,217918,205137,104,16.5424
189431,159388,97,47715,39278,94,2384,2054,27,4351,4117,35,9995,8437,56,15793,14194,73,337250,292620,111,16.5454
72570,72812,80,13926,13908,47,652,835,0,2040,1606,23,3713,3315,37,6377,6399,44,140628,136137,94,16.5454
154067,134369,93,60714,52984,90,2377,1792,26,4367,3617,41,7331,6406,46,13244,11710,68,295090,262840,108,16.5494
99224,96228,79,32664,31983,79,1629,1393,18,3074,2555,29,5773,5563,43,10628,10171,53,235433,222313,97,16.5494
167817,135079,96,68637,55724,92,2254,1987,25,3863,3238,42,7337,6140,54,13826,10692,73,287058,243541,110,16.5494
176785,146544,103,56882,46953,94,2389,1937,27,4196,3409,37,8705,7156,51,15654,13056,69,330086,292270,112,16.5534
29193,27551,57,24554,21523,74,153,421,0,1706,1514,19,240,280,0,115,384,0,281,449,0,16.5544
190306,143757,99,72989,56386,97,2659,1818,31,5115,3983,43,9489,7641,54,17496,13660,85,370288,282460,115,16.5554
92621,91411,79,28993,28750,76,1354,1337,11,1924,1873,23,4511,4291,37,7142,6749,49,143411,133417,95,16.5554
173979,152438,93,80952,71966,91,2042,1769,22,4342,3954,38,10373,9172,60,18996,16729,78,389325,348754,108,16.5625
96076,93682,82,32053,31349,78,1343,1297,15,2108,1830,22,4322,4450,37,7314,6683,46,153083,145313,96,16.5695
165486,136552,102,64149,53762,94,1981,1575,20,3844,3053,36,7887,6429,47,13624,10461,72,287257,245852,111,16.5705
102832,99751,82,43868,43282,79,1659,1484,17,2561,2765,27,5595,5353,42,9001,8900,47,187449,185895,97,16.5845
195670,156126,101,66977,52413,97,2301,1791,29,4533,3588,41,9376,7190,58,16204,12849,74,332823,270525,116,16.5885
131589,125505,93,61569,58274,84,2176,2325,23,3097,3105,32,7289,6957,47,11670,10649,64,253160,238428,100,16.5895
162957,135925,98,44588,35824,92,2254,1737,26,3419,2858,36,7987,6716,50,13215,11287,63,297384,255597,110,16.5905
115121,101801,90,34111,29987,86,1449,1447,18,3109,2532,33,5294,4828,40,9832,8911,57,204173,187989,103,16.5915
170196,142954,105,68829,58084,90,2362,1975,26,3658,3155,36,7679,6436,49,13494,11104,62,279006,242722,108,16.6015
152076,138129,92,52333,45739,88,1526,1408,22,3517,3274,34,6943,6224,47,12395,10625,62,256411,239074,105,16.6025
257712,169712,128,94559,62385,109,3950,2672,37,7323,4962,55,15393,10659,71,28172,19739,100,580938,430178,128,16.6065
53628,53844,76,25169,25344,72,818,788,0,1196,904,0,2203,2534,24,3466,3686,30,79244,79827,88,16.6125
139739,122560,89,57849,50601,88,2007,1715,25,3028,3096,31,7690,6237,53,13990,11721,67,300764,265344,105,16.6135
90853,89216,79,32583,32027,78,1264,1181,13,2182,2286,24,5115,5148,38,7768,7751,44,167012,160411,96,16.6155
123343,115517,88,60779,58717,84,1176,1309,14,2747,2930,27,6783,6366,46,11566,11167,55,250325,232687,102,16.6305
264660,185809,123,92867,64132,115,3665,2567,36,7368,5263,53,16346,12180,72,27361,20180,93,550796,419794,132,16.6425
250424,180787,104,91363,64345,103,3390,2364,36,5790,4148,48,12364,8951,69,21636,15683,81,432858,322328,117,16.6566
104054,99892,85,31808,30949,79,1444,1274,12,2353,2327,26,5042,4410,42,8032,7694,48,157450,149303,95,16.6586
269540,194611,119,108955,81291,118,3248,2650,33,7200,5958,47,15316,11379,71,26022,19153,104,560221,434902,136,16.6646
73278,72655,77,23398,23390,63,1115,1161,9,1469,1789,18,4264,4152,37,7575,7643,45,156977,148824,93,16.6716
99064,98194,81,39760,39318,79,1450,1522,16,1857,1799,23,4477,4442,36,8675,8303,48,175958,171870,97,16.6736
97764,95144,93,25930,25685,77,928,994,0,2154,2162,27,4785,4650,40,8685,8126,50,173406,160577,96,16.6756
267421,209215,113,101685,80492,107,4927,3697,39,8468,6609,55,19368,16493,83,31930,26226,111,675009,590174,125,16.6846
101801,97661,98,31559,30743,80,1525,1604,19,1929,1958,21,4589,4334,37,8177,7829,52,175429,167309,97,16.6926
111125,108357,85,28061,27781,79,1489,1652,17,3047,3081,30,6612,6445,44,10577,9569,59,237049,223737,99,16.6936
115549,112238,83,38475,37628,80,1731,1857,19,3459,3452,37,7504,7395,44,11667,11350,57,251518,242692,99,16.6946
117989,102775,88,40272,34589,85,1624,1521,17,2734,2424,31,6050,5182,46,9924,8510,55,206448,183649,103,16.6966
145892,127418,89,56099,49335,87,1925,1661,19,3573,3307,34,7755,6634,48,14239,12112,75,285288,252791,105,16.7006
78499,79395,77,36387,36412,76,1208,1205,10,1786,1888,23,4903,4522,36,7163,7880,41,170079,164839,94,16.7016
82205,81393,79,24135,23723,67,973,1001,1,1965,1976,23,4201,4426,33,7854,7730,45,160341,157689,94,16.7056
166043,136329,93,53453,43448,92,2128,1852,22,4117,3418,38,7815,6241,51,14619,12219,65,298064,246745,109,16.7086
103857,102005,80,40346,39937,78,1436,1445,16,2330,2351,29,5708,5539,42,11027,10544,53,215320,206008,96,16.7106
92784,90668,85,39792,39384,78,1306,1148,10,2918,2457,26,5627,5341,42,10312,10237,52,219462,203693,96,16.7136
97260,96436,78,39900,38983,79,1309,1353,12,2607,2910,27,5470,5296,40,8771,8877,46,194616,188312,96,16.7216
122911,116198,90,52832,51365,83,1651,1776,19,3652,2926,30,6689,6817,42,11299,11220,54,244195,234471,101,16.7226
105472,94406,100,39611,35242,100,1326,1500,15,2270,2056,23,5202,4784,40,9920,9266,62,201286,172272,100,16.7226
195875,169230,96,67943,59449,94,2773,2382,29,5533,4688,44,10270,9102,53,18285,15758,75,363793,331925,113,16.7286
208740,166731,102,75561,60521,99,2683,2197,30,5060,4010,44,10715,8773,58,18011,15444,77,379712,319859,117,16.7296
118193,114182,85,41571,40450,81,2335,2248,24,3418,3188,35,8325,8194,48,13981,13199,66,307304,292904,100,16.7407
135690,122911,96,46444,41436,87,2141,1974,22,3477,3212,33,8004,7613,48,14209,12731,72,306804,283938,104,16.7417
61363,63271,74,23775,24000,72,1181,971,0,1921,1864,21,3023,3158,32,6677,6574,42,128611,125788,90,16.7417
94492,92898,83,33311,32820,77,1437,1603,17,3130,2960,30,6635,6617,45,11742,11485,56,237796,232741,96,16.7507
196725,162497,102,64945,52704,95,2535,2115,30,5208,4345,44,10633,8627,61,19802,16688,75,402483,346674,113,16.7527
145387,120108,108,50287,41965,90,1690,1445,20,3328,2615,36,7268,6080,50,12209,10613,69,287105,247834,108,16.7697
82362,81955,81,29991,29866,76,941,998,0,2174,1902,25,3536,3424,34,7010,6778,39,155146,150026,94,16.7777
177835,142068,98,115658,96366,98,3994,3077,33,6908,5850,49,14672,12366,70,26045,22052,99,530363,448508,113,16.7807
118855,112238,82,65136,60948,83,1974,1856,21,2680,2401,28,6498,5558,46,11216,10571,57,214521,190962,100,16.7817
215545,184970,99,107311,90474,95,4187,3565,34,8673,7753,49,18300,16406,75,34209,30131,97,699950,615431,112,16.7817
160517,133256,93,51714,42690,89,2126,1704,22,3935,3169,39,7396,5798,51,12950,10818,64,280638,233661,108,16.7857
110243,107212,82,34168,33815,79,2027,1921,23,3355,3416,32,7574,7674,46,13839,13503,66,288068,274289,98,16.7897
86138,82764,81,24001,22521,73,1299,1284,13,2284,2142,25,4658,4261,39,7539,6677,47,165350,161142,96,16.7907
200427,151183,97,63662,47645,96,2506,1910,26,4452,3962,39,9037,6590,58,15591,11902,75,344062,259810,114,16.8087
93642,91167,82,26720,26316,78,991,1012,2,1902,1931,24,4666,4425,38,7667,7731,43,162515,156203,96,16.8127
86245,86250,85,36422,36080,78,678,1102,6,1936,1854,26,4253,4246,36,6853,6609,48,148181,146887,95,16.8127
97372,96882,85,32155,31566,77,1216,1314,10,2209,2093,27,5321,5034,39,9493,9182,49,207299,193474,95,16.8227
118028,109142,86,57482,54334,83,1855,1693,22,3903,4032,34,6812,6175,44,12412,10971,64,260276,248427,100,16.8267
77568,78195,78,40308,40107,77,1382,1389,15,2308,1938,28,4060,3801,36,7919,7628,53,157798,154425,93,16.8358
110043,106446,83,55810,54296,80,1731,1492,18,2668,2603,29,5951,5739,43,11324,11044,55,229502,219296,98,16.8458
81583,80658,83,35136,34593,77,1207,916,0,1878,1847,21,4227,4038,35,7237,7439,44,164261,160654,94,16.8548
138511,128556,87,68467,63049,85,2643,2276,26,4766,4585,41,10380,9702,56,17324,16693,71,371322,340325,102,16.8578
71287,73385,74,22543,22678,63,961,1031,5,1617,1669,18,3934,3833,33,7379,7053,46,141626,138647,92,16.8588
128763,114290,90,46814,40941,86,1761,1440,19,3458,2896,33,6459,5855,46,11319,9844,56,247226,227099,104,16.8728
107550,103369,93,27219,26762,78,1455,1521,16,2480,2262,31,5982,5204,44,9383,9594,50,190966,188091,98,16.8908
167328,148852,93,55241,48433,88,2283,2088,25,4447,4013,39,8061,7169,48,13776,13325,63,305538,274249,107,16.8958
222395,171736,103,77335,59395,98,2733,2302,30,6327,4699,49,12707,9950,61,23492,18388,100,471531,371442,117,16.9008
114774,113207,85,46164,45044,80,1714,1692,20,2932,2731,27,5998,5757,41,10508,11244,50,220578,211398,97,16.9008
171878,145797,92,63752,51944,91,2079,1643,23,3994,3249,36,8290,7330,55,14292,12202,70,292185,243105,108,16.9008
163483,137453,98,46329,38718,89,1991,1786,21,4430,3662,37,8255,7321,52,14309,11972,66,295644,254888,108,16.9038
257856,181868,128,86745,60445,128,2957,2135,32,6520,4532,48,12516,9330,69,21380,14818,106,470357,341621,128,16.9038
96551,94945,83,45809,44827,80,1531,1281,16,2754,2566,31,5091,5038,39,8443,8597,50,170500,162661,97,16.9068
135270,128412,95,53914,51422,84,1814,1686,21,3518,3814,31,7514,7042,46,12206,12139,59,257062,239252,101,16.9118
114052,99086,88,47286,41523,85,1868,1622,21,2977,2379,36,5572,4988,43,10501,9119,57,219903,196343,103,16.9158
116260,107620,92,43140,40150,82,1570,1564,18,2341,2477,26,6974,6654,46,11147,9381,61,247905,236002,100,16.9189
164892,132306,110,54351,43625,91,2342,1923,26,4293,3672,38,8395,6713,54,15466,12332,71,312154,252728,110,16.9229
101140,97509,81,22452,22263,61,1300,1389,14,2057,1840,25,5543,5204,41,9089,9539,50,204249,198545,97,16.9229
131243,116706,91,51313,44841,87,1366,1380,16,3169,2596,32,6502,5589,48,11697,10499,63,257833,233247,103,16.9259
151462,129154,93,46497,39598,90,2120,1949,23,3203,2705,35,7374,6347,47,12533,10803,70,266283,230746,109,16.9299
81498,81008,81,36278,36543,76,1215,1155,12,1990,1930,25,4251,4282,36,7815,7943,46,176051,170894,94,16.9299
107892,103169,84,51290,50009,81,1698,1786,19,2994,3104,32,7436,7141,50,12177,11942,61,256657,243714,99,16.9319
161343,138414,90,61003,51071,92,1932,1695,19,3419,3368,34,8056,7149,50,15184,13914,72,308011,270248,107,16.9499
185936,145074,101,64082,50196,97,2426,1753,28,4863,3772,40,10235,8058,63,18267,14345,77,380088,305351,114,16.9529
52341,51710,75,24559,24508,69,782,760,0,1198,1033,5,2665,2640,28,4622,4452,37,104107,99638,89,16.9569
222073,162565,101,85404,63071,100,2520,1646,32,5706,4249,48,10327,7607,57,18284,13857,80,427226,309545,118,16.9679
170211,142232,97,54854,44440,91,2192,1809,29,3837,2978,44,9555,8467,54,16357,12864,74,346532,285025,109,16.9679
186781,140992,107,65113,48939,97,2287,1560,28,4072,3519,38,8741,6746,57,16503,13057,69,341561,259651,115,17.0059
159783,126362,96,53632,41289,92,2042,1502,26,3571,2894,36,7876,6033,52,14051,11166,72,304948,238769,109,17.013
177102,145028,104,53898,43805,93,2309,1920,26,4290,3603,35,8932,7598,54,15377,12806,71,325563,275462,112,17.015
106757,99281,89,25646,25024,70,1006,1176,10,2596,2375,24,6241,5404,46,11674,11478,60,221555,206916,100,17.025
144929,131799,103,60401,56037,85,1711,1545,17,3524,3073,36,6740,6009,46,11207,10643,60,244310,222997,103,17.031
246890,182099,110,89844,64727,107,3556,2809,35,6566,4858,55,14003,10672,67,24451,17968,94,508681,378768,125,17.036
115456,104795,93,33342,29201,85,1879,1643,26,3187,2728,33,7534,6767,45,13169,12334,65,267010,248500,101,17.037
92868,94253,80,37731,36709,78,1240,1176,12,2325,2341,27,5851,5357,45,9640,9825,50,207713,204587,94,17.037
161025,132584,97,54500,44607,92,2367,1867,26,3453,3287,34,8192,7154,53,17517,14951,74,313867,267165,110,17.042
86546,85585,78,33379,32452,77,882,1049,5,1977,1552,24,3825,3850,33,6786,6267,48,144211,139861,94,17.047
156905,128594,99,59786,48190,92,2133,1644,23,3459,2695,36,8072,6763,51,14682,11526,70,298573,244563,107,17.047
124135,119429,87,59880,57197,83,1920,1752,21,3521,3608,34,8321,7660,48,14813,14943,70,304517,291800,100,17.047
182064,164854,89,81924,73218,89,2789,2495,28,4866,4859,39,10862,9694,67,17873,16362,71,398898,360961,106,17.047
85242,83708,83,28127,27758,76,1217,1278,11,2470,2499,26,4951,5036,38,8187,7886,46,183060,175889,94,17.049
216611,185419,106,136171,122255,98,5207,4361,36,9102,8208,52,20367,17567,91,33647,28176,100,690935,600730,113,17.064
292298,191461,123,148495,109246,115,4757,3059,42,8133,5903,55,17413,12111,78,30309,21803,114,640865,457640,133,17.067
172542,144481,96,58490,49955,92,2153,1935,25,4521,3881,46,8523,7566,48,15375,13238,69,315332,276747,110,17.071
71748,70630,77,23536,23410,63,796,658,0,1401,969,0,3084,3034,31,5263,5165,41,109780,106166,92,17.071
92818,91464,84,23421,22954,64,1087,1162,11,2607,2429,28,5445,5306,39,9290,9463,52,211709,208197,95,17.076
159729,127957,97,60202,47074,92,2000,1706,24,3698,3137,39,8916,7483,52,18038,15224,79,344854,286627,110,17.094
122164,107367,90,46931,40165,87,1913,1662,21,2761,2701,31,6214,5921,42,9864,8291,57,219956,188989,99,17.0981
200871,168684,96,71990,59789,94,3118,2450,31,5488,4458,43,12475,10573,65,20320,17964,76,421955,384106,112,17.1021
235948,196653,114,156882,136120,109,4350,4085,34,9215,8006,50,18702,17106,75,31618,27625,111,670953,598738,125,17.1021
296160,214431,120,136034,98118,116,4636,3296,40,8789,7223,52,19952,15335,80,37664,27880,121,763256,583315,134,17.1041
152835,132201,92,45789,38961,90,1842,1490,23,3169,3075,33,7486,6479,48,14444,11818,77,291030,261481,107,17.1081
218909,171163,101,74893,58477,100,2866,2101,33,5517,4846,41,12187,9607,65,21646,16818,78,443376,364738,118,17.1101
318372,219218,148,104529,69981,133,3948,2669,40,7519,5710,53,16670,11571,67,28049,20622,109,593143,433536,152,17.1161
78885,80147,78,35996,36205,76,815,831,0,1136,1614,16,3697,3491,35,5809,5508,41,115944,117522,93,17.1161
142185,122769,90,40691,34405,89,1943,1714,24,3419,3073,37,8584,7243,53,13259,11154,67,295524,260616,106,17.1171
106104,102217,85,36198,35221,79,1571,1385,16,2540,2582,25,4700,4455,39,9009,8823,47,178819,169035,98,17.1191
174777,142779,95,47512,37547,92,2162,1781,26,3920,3622,37,9384,8007,54,16109,13465,67,339059,291902,111,17.1251
76030,74020,82,28583,28052,76,744,938,0,1519,1449,23,3416,3455,32,6338,5874,50,134779,135081,91,17.1281
91147,88745,80,19484,19125,54,1533,1562,17,2806,2326,30,5281,5408,40,9446,8705,52,217909,208510,96,17.1281
158204,130058,91,71505,58647,92,2464,1718,23,4230,3402,39,8861,7155,55,14813,12397,71,313812,277977,108,17.1281
208917,165147,101,130232,109435,100,3802,3258,33,7196,6526,47,15881,13088,74,28711,24463,101,562250,466352,117,17.1321
64278,64092,84,35037,35062,75,785,751,0,1377,1350,13,3351,3290,32,5240,5590,38,107810,108747,91,17.1411
105934,102700,85,40925,40119,80,1829,1653,21,3096,2729,33,6771,6646,45,10849,10593,55,252433,243847,98,17.1531
111980,109645,81,41717,40790,80,1999,1863,24,3146,2844,32,6767,6900,43,12562,12225,63,258515,246840,99,17.1541
180152,156938,97,56743,48159,92,1934,1899,24,3848,3356,39,10046,9307,56,17505,15496,79,368824,333556,110,17.1791
136600,117226,94,50796,43983,88,1747,1767,21,3379,3089,33,7389,6742,49,12066,10311,60,272321,236611,106,17.1791
200421,154451,101,73720,57217,98,2751,2074,31,5455,3898,41,11482,8819,57,19766,15757,89,411415,329552,116,17.1821
200444,155763,98,85474,67515,96,3144,2449,32,5335,4265,46,11272,9110,61,19195,15495,81,412947,336174,114,17.1821
102019,94438,93,24675,22181,74,1018,1160,10,2805,2429,32,4907,4407,42,9174,8420,53,202677,190883,98,17.1972
88459,84904,84,18243,17982,54,1134,1176,10,1700,1913,21,4868,4341,40,9365,8433,55,185191,180998,96,17.2042
179048,137529,101,67538,51272,95,2425,1931,28,4301,3442,41,9816,7565,60,16382,12526,71,361387,282513,112,17.2082
194506,151061,103,57245,43857,97,2389,1979,30,4826,4026,39,10054,7794,58,17237,13370,83,356155,284316,116,17.2092
95201,94410,80,28574,27885,77,1541,1480,16,2886,2666,31,6639,6691,43,10718,10072,52,237475,230519,96,17.2212
187629,161442,95,82202,71337,92,2447,2196,28,4622,4622,39,10231,8689,55,16281,13919,74,364730,327643,109,17.2212
146418,130154,104,64380,58100,87,2591,2473,25,5194,4385,41,9717,8735,55,15911,14774,74,344710,323163,104,17.2222
226633,186045,103,97914,79882,100,3340,2864,33,6442,5158,49,13787,11668,65,23595,19357,103,499850,444716,118,17.2352
166522,128760,96,59648,45986,93,2730,1794,32,3768,3060,37,8186,6174,51,15876,12595,70,321076,254419,111,17.2412
111716,108553,83,41665,40196,80,1633,1503,19,3043,3309,28,6915,6535,45,13016,12357,68,271336,256444,98,17.2532
107448,103845,82,36894,35699,81,1412,1482,17,3137,2787,31,5413,5583,38,9271,9409,52,196921,190800,98,17.2562
113930,110430,84,33821,33144,79,1311,1350,15,2962,2484,31,5649,5232,40,9710,8995,57,188182,180149,99,17.2562
127283,111053,89,44246,37380,88,1464,1171,15,2663,2674,28,6604,5692,47,11511,9703,61,235673,210135,102,17.2572
172371,157835,93,69680,63349,88,2969,2561,28,5072,4613,39,11082,9909,57,19556,18284,81,415523,380788,105,17.2622
77116,77318,76,32388,32369,76,1331,1167,14,1805,2038,22,4158,3794,37,7957,7479,53,167060,155291,93,17.2682
67738,68688,76,26231,26229,74,1331,907,0,1361,1397,17,3387,3009,33,4958,4805,36,112826,109361,91,17.2692
239193,181914,107,81536,62055,100,2840,2128,30,6215,4817,45,11836,9672,60,20377,15923,82,420834,345896,118,17.2702
46762,46890,76,20975,21256,62,714,634,0,1333,1206,14,1963,2000,21,3603,3915,32,70963,70382,88,17.2783
112405,108962,98,30083,29688,79,1797,1863,21,2532,2598,29,5880,5638,41,11073,11211,58,228315,213472,98,17.2863
104886,105197,80,48023,46439,80,1938,1734,24,3323,3136,31,6837,6562,50,11823,12032,50,248774,244247,96,17.2983
187379,141226,102,72603,54205,98,2140,1570,26,4568,3497,39,9264,6920,57,16325,13377,74,343765,274810,115,17.3033
99919,97205,85,38779,37781,79,1061,1116,10,2567,2598,27,6082,6292,42,11325,11500,58,226168,212726,97,17.3173
124538,118460,84,37430,36294,82,1312,1516,16,3245,2875,28,5918,5603,42,10606,9488,62,205678,188732,101,17.3243
111946,109258,82,33674,32615,80,1574,1366,16,3827,3491,35,6687,6160,44,12099,11783,63,259475,251802,99,17.3433
231584,186421,105,121953,101491,99,4888,4107,35,8589,7308,54,16793,14799,74,30089,26015,100,617620,520196,116,17.3443
258725,191276,113,101927,74743,110,3181,2623,31,6734,5069,52,13616,10482,67,24246,18375,91,507769,391456,127,17.3523
67235,66974,77,14653,14542,49,1060,955,0,1122,1476,13,2975,3157,29,6184,6531,40,128223,127144,92,17.3553
222101,163429,109,78776,58717,103,2671,2097,31,5175,3783,45,11478,9162,63,20131,14873,89,429632,327852,121,17.3563
261546,186213,115,89034,62686,108,3574,2581,34,6252,5075,49,14484,10435,71,23963,17278,99,509349,385868,127,17.3573
100249,98839,88,42277,41389,78,1075,1067,7,2281,2569,26,5169,4904,40,8967,8379,53,204526,200039,96,17.3633
196518,152683,112,75495,58502,96,2273,1727,27,4540,3580,39,9364,7508,54,16989,13458,76,355007,280010,113,17.3664
165613,133724,95,61083,49854,91,2491,2103,26,3734,2923,41,8791,6948,57,15282,13031,76,308791,255558,109,17.3684
145074,123891,89,58807,49948,88,1939,1780,23,3208,2826,37,8051,6724,51,14764,13071,68,315633,273419,106,17.3774
134411,127012,85,40650,37614,85,2595,2368,25,4096,3642,36,8213,7884,49,15198,14953,77,311117,294628,102,17.3814
116965,114515,86,35205,34606,79,1494,1389,15,3849,3524,34,7054,6865,44,13005,11872,68,244525,227860,98,17.3924
175174,138656,97,57127,44298,96,2381,2082,27,4308,3481,40,10301,8422,58,18706,15065,83,393035,324792,113,17.4024
101963,101175,80,28919,28398,77,1984,1850,22,2842,2544,28,5960,5966,42,11386,10467,57,241588,233113,96,17.4054
113784,110062,91,66716,65153,83,1790,1475,19,2626,2624,30,6224,5823,44,10752,11500,62,222609,211705,99,17.4124
34851,34409,67,15749,15962,51,707,655,0,983,938,0,1853,1871,23,3288,3466,28,81347,80862,84,17.4154
115939,108454,88,46702,42882,85,1622,1523,18,3404,3075,32,7791,7318,51,12881,11740,66,277675,257308,101,17.4214
216711,163027,103,79336,58346,101,3005,2133,32,4915,4202,43,10752,8211,60,17256,13282,74,380983,297338,118,17.4294
114201,110724,86,42894,42165,80,1689,1600,19,2223,2665,25,6790,6616,43,12313,11502,66,245158,232725,99,17.4364
108776,107434,81,41065,40511,79,1358,1300,15,3019,2442,28,5626,5779,39,9349,9041,55,212208,202483,97,17.4464
82346,82791,79,25413,25419,75,1003,1192,9,2159,2021,22,4570,4514,35,8293,7500,53,176898,174909,94,17.4504
171724,128336,100,64416,48832,95,2236,1611,24,4087,2938,42,9134,6877,61,16124,12518,67,336971,257174,113,17.4514
83661,83412,81,37393,37468,76,1187,1247,12,2310,1916,27,4529,4609,36,8437,8064,48,181569,178733,94,17.4615
107929,104488,82,39104,38456,80,1587,1632,20,2994,2844,29,5585,5430,41,9467,9344,59,206735,193665,98,17.4675
74500,71660,85,23898,23977,69,1120,993,0,2040,2039,26,4001,3623,37,6785,6328,50,159647,151802,94,17.4695
121850,116079,83,36140,34594,82,1989,1451,25,3500,3221,35,6426,6470,43,11396,10859,56,251628,231104,100,17.4705
91288,90229,84,33891,33272,78,797,733,0,2340,2054,24,4882,4962,38,7537,7494,46,165274,162239,95,17.4725
79620,78457,82,26691,26124,77,1018,1245,10,2212,2135,23,4147,4129,36,7878,7805,51,176627,172031,95,17.4825
89580,88901,80,25464,25169,72,1007,1127,9,1710,1535,21,4065,3676,37,6942,6762,51,142255,138153,95,17.4825
116091,103020,87,45599,40848,85,1881,1659,21,2836,2455,31,6086,5613,45,11035,10141,55,213340,198058,102,17.4835
122679,102011,89,52595,43917,88,1447,1196,13,3231,2351,36,6186,5249,48,9688,8175,60,211290,178057,105,17.4865
170947,135480,96,62348,49135,93,2280,1816,25,3333,2650,34,7631,6443,49,13471,10535,68,280861,227816,112,17.5015
151336,129847,92,51781,43645,90,1915,1854,21,3959,3438,37,8081,6997,51,12830,11224,66,271876,236778,107,17.5105
161744,128798,99,61032,48817,94,1985,1615,23,3718,3343,37,8540,7013,56,14599,11776,67,329292,275633,112,17.5105
101701,100276,81,33820,33297,79,1523,1317,16,2727,2424,30,6138,6071,40,10002,9442,55,222726,214994,97,17.5135
87882,85953,80,33475,33046,78,1322,1139,11,2220,1823,25,4829,4310,38,8158,7941,44,180798,175556,96,17.5185
107123,103623,83,36274,35035,81,1646,1370,18,2682,2557,28,6035,5952,42,9740,9046,54,214338,210189,98,17.5245
143410,120521,91,53950,45740,88,2149,1668,25,3936,3296,38,8397,7100,55,14995,13122,67,306569,269274,106,17.5305
183516,139503,105,72002,55098,99,2103,1674,24,4876,3709,44,9649,7631,58,18084,13663,80,419101,320117,116,17.5335
101462,98314,82,36012,35250,79,1307,1139,10,2079,2410,25,5250,5402,38,9262,8999,47,189855,183362,98,17.5415
152307,116724,98,58092,46162,92,1863,1208,24,3725,2659,43,7485,5787,53,12939,10417,66,265840,206476,110,17.5425
135922,120578,89,38830,33199,85,1989,1671,22,3235,3017,33,6607,5835,46,10957,9823,61,231432,210774,104,17.5486
147089,122612,93,60031,48675,91,1626,1677,20,3533,3205,37,8377,6985,53,14942,13039,69,318303,263088,107,17.5506
192473,157785,96,71846,58212,95,2714,2650,28,4393,3696,39,10021,8767,53,16800,14248,74,380994,317108,112,17.5556
99964,95553,97,39704,38991,79,1025,1056,6,2401,2380,23,5044,4857,38,7417,7038,47,173332,164175,97,17.5566
106437,100643,87,36509,35874,81,1189,1194,10,2733,2873,30,6017,5637,42,10298,10241,50,208910,197995,99,17.5666
139827,129000,90,52841,50104,85,1868,1778,18,3818,3454,39,7701,7123,49,12586,11392,65,262675,240472,103,17.5706
99698,97576,88,30525,29693,78,1327,1385,15,2850,2764,29,5435,5089,40,8120,8130,45,165604,157527,97,17.5746
168822,138416,96,44549,36702,90,2362,2230,25,4385,4002,38,9249,8272,53,15895,13211,66,345646,297800,110,17.5756
137177,130508,91,39839,37721,84,2259,2025,25,3667,3738,33,8799,8011,58,14563,13786,65,299113,279558,101,17.5776
125655,121012,86,55520,54029,82,1537,1601,18,3209,3171,29,6838,6684,43,11777,11279,64,247935,243999,100,17.5836
169862,137847,96,60187,49579,94,2106,2098,24,4573,3712,41,10215,8734,57,16737,14314,73,359835,305211,112,17.5916
102621,99615,82,41814,40656,79,1236,1191,11,2104,2647,25,5407,5184,40,8744,8504,50,177103,170407,97,17.5976
134906,122363,85,36448,31556,86,1704,1685,20,3696,3060,38,6852,6266,46,11564,10254,69,259473,230593,102,17.5986
118840,105132,87,41113,36561,85,1559,1546,17,3197,2674,33,6288,5662,49,12473,10811,68,252129,230871,102,17.6056
194529,149762,98,71237,55946,97,2002,1820,24,4156,3344,46,9789,7394,54,16271,12256,78,351318,266996,115,17.6146
64788,64301,76,24679,24739,73,750,883,0,1573,1948,20,3287,3231,34,5447,5445,40,126042,125767,91,17.6156
139821,112260,99,46684,37002,88,1845,1530,20,3293,2730,35,7811,6925,49,13503,11370,67,301414,248378,107,17.6377
85341,83361,90,32191,31819,76,1058,971,0,1886,1905,20,4471,4518,35,8107,7705,53,170554,166431,94,17.6457
175093,134288,98,60358,45683,93,2104,1409,28,3789,3281,37,8869,6738,54,18385,13704,80,364217,280475,112,17.6567
112921,109265,83,46565,45439,81,1776,1760,19,2928,2878,32,6802,6018,46,11711,11480,54,249519,235157,98,17.6617
243280,168675,111,83360,57771,105,3411,2117,37,6325,4670,52,12908,8811,63,22967,16312,106,506761,375096,124,17.6647
72247,72850,77,28694,28310,76,1256,1133,9,1585,1647,21,4073,4091,35,8233,7723,49,152552,150700,93,17.6667
131252,107656,93,49917,40534,90,1562,1315,14,2936,2417,34,6167,4976,48,11846,9954,61,233492,190183,106,17.6677
141147,120764,90,61835,52432,89,1960,1565,23,3376,3040,35,7933,6651,53,13788,12376,68,292760,251064,105,17.6727
140892,122232,96,53105,46527,89,1984,1636,21,3398,2697,35,7327,6859,47,13356,11940,65,286439,253069,105,17.6737
81413,79424,82,28122,27584,77,868,876,0,2042,2065,22,4150,4013,35,7198,6583,47,178093,173611,94,17.6867
99764,99390,79,23653,23296,63,1342,1293,16,2767,2533,27,5052,5019,37,9478,9361,59,193769,189273,96,17.7047
122579,111771,89,39879,35206,87,1779,1651,17,3542,2816,35,7791,7077,51,13208,11917,62,287049,263412,103,17.7107
80284,77686,81,24369,24270,71,1296,1157,9,1535,1705,18,4563,4413,38,7686,7203,58,170647,167611,95,17.7157
248152,169840,107,89093,60196,104,3304,2440,35,6058,4239,51,11791,8263,64,20808,14569,89,444706,312875,122,17.7167
128991,117178,90,52095,47852,86,1822,1580,20,3556,3372,33,7483,7033,48,12715,11307,62,272155,257660,102,17.7248
164879,130970,93,57783,45147,92,2043,1725,23,3481,3116,34,8340,6721,50,15749,13174,71,324432,263206,110,17.7288
162917,126119,97,57103,45131,96,1981,1695,21,3607,2766,35,7033,5517,53,12605,9896,59,288040,228024,114,17.7298
101591,97708,85,30208,29115,79,1243,1148,12,2870,2585,31,5713,5339,42,9626,9907,53,214045,208066,98,17.7348
165576,132490,108,63525,50796,92,2237,1771,26,4177,3537,39,8902,7137,59,16780,14163,73,343766,284092,110,17.7378
86690,84762,82,34446,33893,77,982,981,0,1736,1776,21,4072,3773,38,8168,8025,49,169800,163474,95,17.7478
108135,104502,83,26892,26356,77,2116,1610,24,2999,2908,33,6110,5886,44,10370,9831,55,231024,216347,98,17.7488
120101,112331,86,33095,30172,82,1433,1389,18,2847,2516,32,5571,5226,41,9675,9179,59,209956,196660,98,17.7568
116648,112607,84,35924,34830,81,1491,1416,18,2575,2456,28,5299,5174,40,9412,9164,57,194086,179022,100,17.7608
81793,78530,83,27751,27434,77,1408,1165,12,2302,2060,27,4398,4350,36,8557,8455,51,172269,165424,95,17.7608
185594,143143,100,82606,65596,100,2791,2011,28,4604,3362,46,9563,7139,58,15718,12216,71,325537,257416,117,17.7628
133158,108812,90,48290,40067,88,1637,1020,13,3349,2585,38,6062,4949,48,11696,9913,68,232478,197573,106,17.7628
159601,128901,94,62895,49526,91,2130,1768,23,4054,3128,44,8254,6581,50,15991,12347,73,334548,271860,108,17.7648
196808,157553,99,76635,61982,94,2591,2019,29,4514,3709,41,9519,8004,54,17222,14256,82,343483,281047,111,17.7728
177556,139531,106,67689,53965,95,2230,1671,24,3799,3081,40,9542,7345,59,17624,14726,74,366286,296206,112,17.7758
123126,117131,88,47584,45232,83,1633,1443,17,3218,3190,29,7382,6899,47,13194,12301,69,285857,265443,100,17.7778
163148,130532,97,58640,45249,94,2343,1895,27,3219,2944,37,8921,7244,59,15249,12376,80,341325,287285,112,17.7798
113836,104607,87,44104,39527,84,1683,1361,21,3369,3133,34,7035,6341,47,12162,11326,64,258644,236443,100,17.7808
106983,104797,80,46666,45226,80,1463,1493,16,3106,2738,33,6088,5833,45,10956,9937,54,238698,218946,98,17.7908
160266,142209,89,48988,43304,87,2375,2144,26,5328,4268,48,10604,9112,58,17324,15903,71,371944,349035,105,17.7928
265388,205410,111,94620,73026,109,3991,2834,38,7788,5680,50,14132,10585,74,24218,18583,106,486417,409504,126,17.7938
189675,144099,102,67939,51616,97,2593,2077,28,4525,3731,39,9989,7756,57,17091,12772,87,394097,313458,115,17.7938
115926,105171,85,49802,45629,85,1961,1561,21,3329,3220,29,7091,6682,46,12665,12016,62,257872,240164,102,17.7948
112304,106989,92,35639,34664,80,1611,1771,19,2576,2519,30,6558,6078,48,11688,10903,59,240914,223478,98,17.8028
69445,68958,78,28259,28669,74,987,885,0,1315,1562,14,3415,3207,33,6207,5760,47,128741,124260,92,17.8038
63732,63889,75,23288,23263,65,709,848,0,1410,1187,9,3332,3222,34,5526,6099,39,122115,119157,91,17.8108
162886,132358,102,57125,47471,92,1752,1444,20,3747,3006,38,8205,6514,50,14443,11776,82,302572,250256,110,17.8169
134703,130211,87,52384,50170,83,2052,1817,20,3085,3285,28,6708,6086,43,12774,12152,68,270674,253639,101,17.8229
182880,150459,98,66982,54575,97,2305,1947,26,4740,3829,41,8987,7547,52,15886,13041,70,332143,274774,114,17.8259
118599,112942,85,32797,31976,81,1599,1465,17,3609,3888,35,7242,6889,46,12522,12172,60,244529,229098,100,17.8289
85497,84265,86,26125,25918,76,1157,1183,9,1974,2240,26,4967,4748,39,8003,7881,51,178961,174178,95,17.8369
93365,91926,80,33419,33105,78,1495,1532,15,2377,2496,25,5518,5611,38,10210,10071,52,202199,197544,95,17.8399
131363,123570,86,51011,49296,83,1864,1657,22,3260,3060,30,6523,5838,43,11182,11114,51,227523,214078,102,17.8469
76470,76010,82,28919,28789,76,975,934,0,2031,1733,18,3438,3480,31,5506,5249,39,121614,113989,94,17.8479
103321,101211,82,43292,42028,79,1462,1531,17,2589,2496,30,6077,5890,42,11082,10979,55,229040,220522,96,17.8609
101706,99522,85,39479,38999,78,1856,1705,18,2561,1822,34,5194,5012,40,9633,9093,57,185112,179215,96,17.8639
130855,124839,90,56251,54018,84,1585,1620,16,4284,3693,44,6055,6169,42,11062,10569,66,245015,231133,102,17.8669
229296,146201,106,76047,49414,104,2856,1775,38,5413,3437,49,11067,6924,68,18098,12362,79,430634,279126,122,17.8749
104550,100347,84,31417,30642,79,1295,1233,14,2659,2212,29,5131,4885,39,10905,10456,51,225862,211741,98,17.8759
124217,105437,90,32537,26998,84,1729,1483,22,3029,2793,34,5981,5050,44,9067,8041,51,224578,192157,104,17.8799
78881,76745,79,18146,18055,52,1139,1109,11,2303,2371,23,4739,4514,37,7959,7716,49,170676,163985,95,17.8819
92043,89493,95,45423,44840,80,916,1046,6,2113,2024,25,5205,5134,42,9564,8910,53,176299,170939,97,17.8929
150836,121038,99,54317,43448,91,1987,1477,21,2760,2484,31,7291,5763,50,12610,10510,65,293751,243114,109,17.8999
188774,145676,105,68409,51873,96,2621,2081,30,4023,3056,44,9685,7700,56,16294,13025,71,345979,277342,114,17.906
198647,157249,103,67735,52793,98,3062,2409,30,5400,4310,47,11257,9416,56,21170,16877,91,430863,348012,116,17.909
180731,139820,100,68041,53426,96,2462,1778,29,4659,3794,41,9527,7577,53,18389,14305,81,362463,300931,113,17.914
97592,95726,82,49552,48400,80,1667,1651,20,2531,2769,26,5830,5672,41,9811,10036,49,210647,200803,96,17.922
165111,131389,97,51841,40189,94,2667,1912,29,4324,3096,46,9192,7249,55,16388,12754,81,343369,274465,112,17.929
122513,117495,86,59361,56873,83,1893,1927,22,3598,3405,35,7190,6758,47,13974,13306,72,291698,270650,101,17.94
164918,140236,96,63249,54079,92,2109,1635,22,3744,3250,35,8430,6942,53,14456,12592,68,319357,280293,110,17.943
64576,63118,81,20674,20568,57,654,931,0,1992,1500,19,3313,3530,31,5399,5511,39,121190,123570,93,17.945
116289,110154,93,48988,46473,82,1410,1491,16,3108,2875,32,6333,6132,44,11363,10238,56,226803,213272,100,17.959
94711,92192,93,30237,29756,78,1272,1445,15,2253,2035,24,5225,4845,42,9041,9184,46,186046,179852,97,17.96
203264,152335,107,69397,51689,100,2874,2044,33,5019,3786,45,10877,8165,61,19298,15206,84,416149,331501,119,17.962
120340,111869,95,39347,35885,84,1820,1600,22,3661,3201,36,6933,6131,47,11700,10806,56,247338,228704,101,17.974
124483,113575,87,37715,33643,85,1679,1780,18,3523,3170,34,6892,6390,44,9953,9443,56,224929,206075,102,17.974
278722,180116,134,96720,64773,123,3638,2469,37,6974,4834,49,15494,10350,76,26948,16928,114,586266,397496,141,17.977
222126,186119,108,93496,76374,101,3119,2508,31,5314,4720,38,11407,10092,60,20114,17130,84,414286,369616,115,17.979
166880,146048,93,64592,56667,90,2237,1994,25,4531,3435,40,9241,7957,54,17284,15792,74,332677,308541,107,17.98
225711,198510,97,119992,106301,96,4252,3658,35,8398,7161,52,16679,15080,73,28420,25274,97,612651,536198,113,17.984
99908,97792,83,29420,29147,77,1851,1552,20,2678,2879,25,6440,6123,45,10925,10311,55,228298,216665,97,17.985
155883,137682,92,64326,57233,92,2267,1962,23,3496,3484,32,7971,7850,48,13703,12654,64,308541,284742,109,17.988
74473,75175,75,20772,20866,59,1213,1000,1,1810,1634,21,3682,3915,33,6078,5793,41,124625,117550,92,17.989
235533,173101,108,83893,63629,103,3053,2263,31,5971,4516,47,11003,8436,62,19886,14680,89,434408,334737,122,17.99
201186,170880,108,98577,85602,97,3274,3258,30,6159,5482,43,13420,11989,65,21378,19009,80,492204,441757,114,17.992
130461,108036,101,49179,42111,88,1263,1202,15,2851,2346,32,5492,4766,44,9327,8126,54,184597,159881,106,17.9991
98126,97255,81,22163,21824,67,1505,1501,16,2032,2280,25,5406,5303,40,8444,8393,51,194405,183118,97,18.0031
157509,135049,92,52275,44269,91,2285,1824,25,3622,2956,35,7009,6092,48,12062,9965,63,241991,207351,108,18.0071
179126,137057,100,65467,50274,95,2611,1818,30,4407,3845,40,9348,7113,57,18305,14045,94,366830,275085,112,18.0101
174381,154037,95,82056,73126,91,3355,2450,32,5123,4905,42,11423,10575,56,19855,17803,90,398852,359456,109,18.0131
237357,167088,111,77507,53786,106,3387,2258,33,5058,3772,44,12022,8986,64,18701,13989,73,438110,322057,125,18.0191
92661,90859,80,34662,34122,78,1320,1493,15,2430,2010,31,4582,4598,36,7873,7827,43,169725,162344,96,18.0241
247871,185650,113,86028,65909,111,3230,2419,34,6237,5111,46,12383,9494,62,22401,17517,85,452152,359089,129,18.0251
133469,116554,98,46839,40685,87,1543,1406,15,2921,2473,33,6987,6329,44,11547,10614,62,250056,215423,105,18.0291
174265,152207,105,95104,86492,90,2844,2537,29,4244,3944,39,9107,8561,51,17397,14597,78,371284,339193,108,18.0401
103584,100683,85,43679,42908,79,1304,1000,1,2299,2370,29,5423,5308,39,9275,8820,51,200633,192569,97,18.0401
91089,88269,80,35673,35102,78,1193,946,0,2421,2232,22,4352,4219,37,6948,6897,44,160447,154964,96,18.0441
160931,124760,94,55770,43705,92,1627,1420,22,2961,2402,36,8552,6804,54,15123,11897,79,330294,257695,110,18.0461
156087,124272,97,57423,45220,90,1874,1395,25,3649,3244,37,8198,6949,48,14266,12077,68,326107,274747,109,18.0481
93277,88668,82,30861,30092,78,1411,1156,12,1950,2080,22,4936,4769,37,7887,8297,49,164737,158070,97,18.0491
138235,123645,91,36686,31411,87,2149,1911,25,3114,2956,32,7489,6895,48,12886,11955,63,285306,255930,104,18.0631
104140,100475,98,29740,29311,79,1462,1380,18,2534,2928,25,6031,5553,41,9050,8723,50,193994,192138,98,18.0701
114521,109431,94,45958,44753,81,1952,1837,21,3142,2924,27,6646,5957,50,11727,11346,59,255242,247246,98,18.0771
163592,136957,95,62217,53454,89,1969,1374,26,3590,3489,35,8083,7003,51,14648,12122,82,302998,269101,108,18.0832
112070,107679,84,37611,36954,81,1599,1389,17,2809,2397,31,6700,6368,43,10745,10670,54,217247,206173,99,18.0902
117655,113513,86,37167,36244,81,1771,1762,18,3493,3082,33,5929,5595,43,9790,9535,50,220938,211668,100,18.0982
126788,109313,88,40084,34179,85,1717,1702,21,3410,3063,33,7563,6814,49,13286,12298,61,297092,262589,104,18.1032
173309,137092,95,50302,39839,93,2138,1676,27,3971,3466,39,8283,6607,52,13799,10903,72,299834,246716,111,18.1172
94221,91244,87,28650,28408,77,1555,1412,18,1950,1873,24,4444,4271,36,8265,7671,48,180774,169805,96,18.1232
170040,154207,93,85319,77817,91,3330,2883,33,5531,5074,41,12275,11444,62,20926,19558,80,435774,398838,107,18.1242
167594,147464,94,76654,68707,91,2308,2001,27,4307,3979,38,9864,8822,52,16480,14992,71,349659,325915,108,18.1242
137894,130634,92,51546,49590,84,2513,2019,27,3882,3697,33,7877,7541,47,12854,12843,57,282053,266913,103,18.1272
113262,107897,93,46669,45612,81,1482,1294,15,2564,2363,29,5561,5544,39,9891,9149,54,220829,208402,100,18.1272
105723,104551,81,48886,47423,80,1415,1497,14,2778,2730,27,5748,5476,44,10223,10064,52,216525,207330,97,18.1342
131149,124211,85,62104,59277,83,2060,1546,24,4215,3882,36,8533,8116,53,15910,15436,69,333289,312886,101,18.1422
98517,97993,79,38011,37748,78,1292,1186,12,2364,2290,27,5034,4904,38,8516,8597,48,171835,164045,96,18.1482
251957,181010,110,109229,82200,107,4713,3666,40,7355,5871,53,17469,12776,86,28609,21943,109,599233,474613,124,18.1532
242663,187215,106,86071,66203,102,4251,3187,36,7323,5973,56,16789,13416,77,28463,22537,100,600130,504200,120,18.1542
130970,114202,90,29420,24356,88,1743,1517,20,3061,2709,33,6612,5458,49,11333,9678,69,236403,207125,105,18.1612
184417,144479,103,66631,52298,95,2550,2012,30,4840,3978,45,10865,9291,58,19384,15787,86,394247,319393,113,18.1652
145037,120643,90,53314,43747,90,1745,1493,16,3908,2728,40,7327,5890,50,12690,10435,64,276809,236207,107,18.1743
122874,116328,84,46211,43936,83,2234,2073,24,3587,2955,33,6494,6084,45,11430,10445,55,216953,207582,101,18.1783
58322,57250,86,23375,23346,71,722,818,0,1439,1139,8,3033,3034,29,4359,4345,35,111853,107391,90,18.1893
130975,113399,104,45118,38292,87,2124,1717,22,3306,2936,34,7907,7173,48,13771,11614,67,286295,246818,104,18.1923
150364,130986,94,52419,45598,89,2333,1895,25,3668,3170,37,8130,6983,54,13548,12347,60,290505,264035,107,18.2043
129256,123663,84,51198,48300,83,2268,2246,23,3097,3038,30,7485,6843,49,14092,13327,72,286457,274688,101,18.2273
148510,122134,93,57296,47138,90,2170,1704,25,3957,2862,40,7885,6856,54,14362,12546,71,305629,257235,106,18.2313
92263,91163,79,25780,25344,77,1332,1207,11,2721,2545,26,5377,4824,41,8678,8319,50,188239,179682,95,18.2323
116464,113258,83,43879,42777,80,1348,1166,13,2471,2881,28,5972,5811,41,10203,9839,65,213111,204466,97,18.2333
94703,92243,81,33612,33095,78,1313,1162,11,1938,2287,22,5232,4899,41,8518,8092,51,186385,176792,96,18.2383
132757,123049,86,49051,44795,84,2571,2235,24,3958,3686,34,8619,8183,52,13907,13102,69,310696,288343,101,18.2383
164009,144924,91,50245,44772,86,2545,2059,27,4318,4026,38,8706,7911,51,15492,14265,67,321991,288024,106,18.2393
188520,145426,108,66578,51147,96,2289,1853,28,4244,3499,41,9464,7256,62,16272,13123,77,336365,274634,115,18.2403
110717,106897,91,24491,24100,70,1762,1577,17,3225,3265,32,6520,6707,41,10503,10377,57,231475,218017,99,18.2423
74186,72766,79,25319,25558,74,745,877,0,1503,1512,21,3584,3552,33,5766,5646,45,130784,127888,94,18.2583
114768,109677,86,35213,34195,80,2133,2008,22,2731,2789,26,7418,6989,49,13632,12589,60,293325,282010,99,18.2613
165385,128780,101,55874,42867,96,2512,1793,25,4188,3366,45,9340,7328,58,16947,14342,67,349957,277660,113,18.2634
164438,139556,92,49708,41398,88,1516,1277,18,2791,2178,34,5491,4744,44,10233,8809,63,212110,181590,106,18.2644
186793,147876,108,70650,57522,98,2354,1971,27,4141,3272,38,9773,7796,57,17297,14490,75,340951,285741,116,18.2664
183403,142253,99,71559,57203,94,2161,1729,24,4029,3209,40,9186,7254,58,15959,12319,67,344021,275572,113,18.2664
86627,86738,80,28456,27989,77,1138,902,0,1603,1841,22,3985,3952,37,8093,7780,45,154052,148112,95,18.2694
72588,72022,80,26876,26673,76,673,876,0,1569,1288,19,3424,3469,31,5697,5529,40,133436,129262,94,18.2744
262964,181258,119,85081,56786,115,3255,2266,33,7310,4860,57,15646,10630,72,26671,18665,110,574843,398493,133,18.2744
164867,145855,93,80579,71314,91,2959,2787,28,5310,5150,40,11733,10935,57,19592,17930,74,409428,370466,108,18.2794
88849,87594,81,29319,28892,77,1215,1254,12,2717,2600,30,4870,4606,37,8847,8564,53,192816,181285,95,18.2874
104936,97290,85,49990,46911,83,1694,1623,19,2469,2596,28,6437,5861,47,10654,10531,55,212329,198700,100,18.2874
78773,79206,78,27534,27218,76,1105,1150,8,2072,1912,30,4097,4102,34,6921,6367,42,154540,151017,94,18.2884
260002,199099,106,86223,64906,103,3900,2906,37,7593,6320,50,15738,12987,73,25960,20669,99,550376,460157,121,18.2894
82656,81190,89,30301,30441,76,903,1057,4,1738,1490,22,3308,3285,31,6146,5699,46,137573,132283,94,18.2924
129355,119947,85,37282,33316,85,1625,1655,19,3003,3265,31,7942,7125,52,12178,12012,64,264541,248498,102,18.2934
121340,112726,87,38368,35509,83,1376,1436,17,2925,2596,27,6241,5799,43,10810,9828,55,219128,207431,100,18.2994
70471,69157,80,25750,25468,74,883,877,0,1724,1548,16,3204,2998,33,6149,5814,41,131140,130255,92,18.2994
177868,141500,100,72099,58279,96,2483,1866,32,4908,4142,45,10680,8475,62,17225,14087,72,382306,309323,114,18.3004
250445,178980,124,93571,67759,120,3222,2238,34,6578,5209,47,12644,9022,70,19891,14938,83,419509,312179,137,18.3014
176980,148493,94,71064,59233,109,2237,1904,24,4447,3463,39,8453,7220,52,14003,10923,68,285017,240184,109,18.3044
84236,82157,78,31837,31344,77,1443,1052,6,2033,1801,29,4231,4495,35,7679,7455,45,164112,158673,95,18.3074
91847,90727,79,27209,26971,78,1424,1460,17,2409,2301,27,4970,4987,40,8832,8589,52,201509,195497,95,18.3164
192776,157070,111,61689,50054,93,2713,2058,27,4860,4077,40,10676,8646,60,18036,15485,75,392595,330130,111,18.3304
187602,143820,100,66390,50871,95,2498,1711,28,4920,3926,46,10042,8168,54,17360,12956,85,355979,276330,113,18.3364
90524,88297,82,22873,22940,64,1479,1487,15,2459,2239,28,5352,5287,40,9854,9764,50,201159,194784,96,18.3454
91873,89909,88,23141,22755,69,1494,1335,13,2424,1858,29,5372,5057,40,9393,9748,48,203640,190543,96,18.3474
179764,144978,97,70849,57010,92,2909,2122,29,3615,3023,38,9484,7530,57,16610,12971,82,362336,297148,110,18.3545
102308,98790,83,40535,39288,80,1463,1292,16,2643,2461,28,5392,5457,38,10290,10113,53,212877,203570,98,18.3555
114792,106411,86,40041,37045,84,1864,1606,21,2813,2636,32,6567,6049,49,11534,10876,63,234176,219358,100,18.3595
189820,137972,101,66157,47808,99,1868,1388,20,3847,2751,41,10246,7659,59,18029,12817,86,394894,287403,116,18.3775
176533,135751,97,58437,43897,94,2385,1755,25,3946,3291,40,10032,7888,60,17449,14210,80,359898,292873,112,18.3855
137839,120217,94,48691,41491,89,1700,1393,18,2934,2548,35,6685,6097,46,12429,10482,67,244496,214852,105,18.3895
108511,105294,81,35418,34690,80,1787,1611,22,2317,2584,27,5666,5546,40,10434,10370,51,225967,211759,97,18.3945
187309,152634,111,82293,68819,94,2283,2114,28,4548,4119,39,10848,9264,58,18431,14970,83,396112,345242,111,18.3955
208379,158753,103,77591,58793,98,2864,2068,28,4471,3540,42,9813,7671,56,16927,13609,77,338850,268964,116,18.4055
93740,92706,81,32176,31814,79,1511,1174,14,1950,2191,20,5147,4792,40,8925,8479,49,190292,185239,97,18.4065
112371,108629,85,34336,33703,79,1366,1291,14,2767,2701,27,5644,5369,41,9356,8838,51,204788,195900,98,18.4155
181663,145906,107,67005,53155,96,2368,1842,25,4684,3749,41,8620,7337,50,15237,12469,71,299510,246441,114,18.4265
125806,120807,84,48623,47190,82,1800,1752,22,3143,3260,33,8772,8409,50,16498,16882,66,322899,306115,100,18.4295
115542,111433,88,33977,32008,82,1298,1474,16,2530,2701,25,5788,5786,40,11037,10843,54,219583,208458,99,18.4315
198673,167885,97,57563,48164,96,2817,2414,28,4665,4523,35,11344,10067,59,18589,17964,70,381866,342465,113,18.4345
178096,143227,111,64434,51864,94,1707,1335,18,4177,3292,39,9088,7085,60,14621,11600,76,334169,272436,111,18.4426
187993,151606,100,70271,57568,94,2613,2213,27,4662,3908,42,9471,7791,54,16370,14250,68,336257,278518,113,18.4426
93478,91126,96,33417,32940,78,1077,764,0,1874,2054,21,4409,4022,39,7591,7157,46,166018,155327,96,18.4446
177912,144060,97,55523,44530,95,2169,1827,23,3953,3530,37,8162,6609,55,13419,12026,71,288546,251946,112,18.4496
102080,99768,84,39631,39021,79,1510,1334,14,2289,2594,25,5078,4814,38,8624,8518,53,188882,180376,97,18.4566
87834,88735,78,19612,19466,59,1643,1693,18,2177,2461,26,5389,5617,39,10221,9384,59,210246,204059,94,18.4676
111853,110234,82,27341,26915,79,1605,1675,18,3135,2982,30,6274,6313,42,11765,11630,55,235408,224138,98,18.4696
200589,154527,98,76989,60274,96,2446,1919,26,4938,3530,43,11006,8660,66,17912,13819,89,373107,288854,114,18.4756
169711,146780,95,53900,46891,90,2042,2160,21,4236,3581,40,8537,7498,50,14187,13461,64,303353,271993,109,18.4766
148389,129079,93,43343,37005,88,1927,1896,24,3483,3432,31,7824,7199,51,15474,13264,71,293153,258181,107,18.4796
232371,179487,110,121922,98011,106,4744,3554,39,6953,6189,45,17546,14468,76,29413,23466,106,625014,519446,123,18.4886
82289,82502,78,35499,35092,76,1350,1339,13,2218,2114,24,4562,4587,36,8052,7722,46,166356,162112,93,18.4926
103068,101584,82,42079,41390,80,1433,1370,17,2345,2787,27,5647,5405,43,11576,11001,58,217369,211858,97,18.4956
107685,105111,88,36342,35825,79,1686,1605,18,2690,2712,25,6827,6839,44,11801,11411,57,262072,253554,98,18.4996
65369,64319,76,24229,24371,68,556,641,0,1068,1203,10,3223,3124,32,5515,5530,41,112269,109325,92,18.5086
122269,116846,85,59756,57133,82,1594,1539,17,3107,2941,33,6900,6696,48,12432,12430,62,245352,228869,99,18.5146
119053,113387,87,43951,42956,81,1782,1928,21,3577,3406,33,7497,7621,46,13471,12386,63,290441,274563,100,18.5146
228233,168407,103,77667,56877,101,2856,2281,34,4377,3663,46,10665,7970,58,17403,12153,78,399971,295356,119,18.5246
132668,130150,84,47803,46196,82,2243,2110,26,3735,3300,33,7664,7186,46,12203,11539,57,269494,256048,100,18.5246
65385,65268,77,22175,22354,60,928,830,0,1360,1495,16,3034,2899,30,5428,5387,45,97409,98239,91,18.5246
120473,118046,87,47770,46361,81,1831,1885,20,3447,3147,35,7154,6980,45,12254,11647,61,262377,247251,99,18.5256
171045,138886,108,54469,43137,93,2031,1629,25,4202,3301,44,8941,7968,50,15027,13044,75,340781,285714,111,18.5266
141911,124827,97,51717,44881,87,1734,1812,18,3802,3341,36,7439,6294,48,13179,11314,61,283381,252315,105,18.5317
244697,172916,113,107328,78103,111,4505,3116,40,7003,4995,52,13420,10664,67,23805,18551,94,492920,383019,129,18.5337
150973,123195,95,49606,39338,92,1770,1324,23,3876,3625,37,8024,6378,52,13909,11118,71,265418,214188,109,18.5477
56281,57573,74,22359,22605,72,401,651,0,1108,1194,10,3173,3252,30,4540,4149,41,95144,93333,89,18.5497
101089,97503,92,37016,36105,79,1267,1057,7,2224,2285,26,4985,4734,38,8890,8821,47,191337,185922,97,18.5507
197978,141549,101,69952,50896,98,2861,2251,30,5031,4060,44,9932,7545,61,19009,14779,85,386319,284852,117,18.5627
97275,97461,86,37599,36749,78,2005,1790,23,2515,2796,27,5864,5380,43,10932,10837,63,226824,217987,95,18.5727
147960,129123,90,54713,48075,89,1756,1713,20,3081,2935,28,7248,6701,45,11650,10802,59,245769,228340,102,18.5757
178265,138565,98,72487,56604,94,2448,1936,26,3540,2984,38,8614,7034,53,15324,12080,68,335495,269894,111,18.5767
90092,88401,96,35967,36104,77,1252,1310,13,2557,2470,26,4795,4543,40,8583,8443,51,179098,172552,96,18.5807
149130,129474,94,48623,40429,88,2017,1717,21,3573,3405,39,6729,5513,48,12562,11043,70,255034,220001,106,18.5847
211432,161612,115,66047,51362,100,2783,2101,31,5164,4114,42,10088,8330,55,17332,13605,73,368486,290005,119,18.5847
101949,100107,83,38818,38153,79,1417,1089,10,2045,2073,25,4600,4882,36,7729,7382,47,159324,151459,97,18.5867
325307,222647,145,117003,78299,143,5175,3783,39,10190,7592,57,21704,16347,77,37890,27294,142,807121,607167,161,18.5877
176087,140815,114,55122,41698,114,2192,1482,24,4355,3167,39,8375,6499,53,15456,11465,74,324669,250736,114,18.5877
234535,178385,102,84234,63313,101,3277,2368,35,5844,4520,52,13156,9517,73,22499,17322,82,480296,368901,119,18.5877
181839,140157,97,54772,41432,93,2256,1624,23,3843,3085,39,8738,6985,58,14107,11464,72,316710,255403,112,18.5957
115196,112695,84,40757,39545,80,2531,2376,24,3631,3683,33,7797,7701,48,14342,13610,70,292302,277552,98,18.6027
109853,106712,88,22528,22128,61,1613,1642,17,2647,2658,27,5338,5328,40,10132,9601,57,207358,200334,99,18.6077
148676,127814,90,42387,35611,87,1746,1602,17,3463,3044,36,8384,7288,54,13805,11544,69,293850,259407,105,18.6107
142838,132950,89,58794,53193,87,2621,2267,26,3784,3588,33,7957,7117,50,14078,13403,64,320854,296733,104,18.6107
101470,101758,79,40158,39674,78,1270,956,0,3026,2734,31,5251,5083,39,10110,9889,56,189487,185144,96,18.6107
77762,76992,80,27015,27043,75,1066,1024,4,1744,1559,22,3730,3690,35,6553,6683,42,150208,147801,94,18.6117
95312,93050,80,32913,32148,78,1136,1413,15,2170,1857,30,4892,4733,38,8251,8160,49,184897,174632,96,18.6238
126400,116881,87,53881,49717,85,1671,1508,18,3897,3425,37,6601,5958,47,11724,10692,59,245933,231710,102,18.6308
186173,150012,103,73666,60243,95,2892,2203,30,4513,3916,39,10094,8203,58,17932,15248,74,369956,320141,111,18.6358
150451,135253,89,46455,39913,88,1910,1606,19,3893,3780,34,8710,8133,52,15000,13833,66,308145,282716,105,18.6428
232768,177479,111,72657,55609,104,2858,2075,30,5790,4880,44,11718,9381,66,21474,16633,99,436536,350846,122,18.6438
196056,154528,104,62966,48042,101,2267,2037,27,4735,3213,41,10793,8356,62,18791,14983,75,396129,324466,118,18.6488
155711,123718,98,61812,49439,92,2199,1790,26,3640,2525,38,8121,6349,51,14493,11428,69,314448,253848,110,18.6518
152255,132591,94,61802,53923,90,2588,2277,26,4358,3928,41,9355,8085,52,15592,14155,65,345130,316730,106,18.6538
40736,39921,75,16724,17087,51,405,368,0,928,1130,8,2172,2240,24,3633,3228,34,96363,94722,86,18.6568
165928,134279,105,63728,52565,92,2066,1608,24,4301,3437,38,8898,7601,52,15954,12804,73,333904,280068,110,18.6648
68421,66817,87,28832,28809,75,1191,1049,7,1307,944,0,2885,2742,32,5052,5128,38,104962,107983,92,18.6758
92398,89971,81,35386,34771,78,1151,946,0,2121,1787,25,4677,4590,36,8796,8326,51,189977,181214,96,18.6818
180718,147021,103,68615,54737,94,2605,1983,31,3782,3020,42,9677,7757,59,17154,14015,77,379323,306390,111,18.6858
119704,116639,84,33321,32461,79,1573,1698,18,2961,2978,29,6510,6387,41,11527,11118,57,228962,217034,99,18.6868
193929,171926,93,74786,65686,92,3474,2961,33,5809,5569,44,14723,13329,71,25496,23491,97,527748,472351,109,18.6878
111129,103540,94,39491,37047,81,1356,1497,16,2744,2201,30,5285,4913,39,10129,9342,61,213729,198362,100,18.6888
203048,149943,100,61999,45103,98,2650,1689,32,5322,3484,50,10562,7237,64,17787,12765,81,371089,270810,116,18.6908
76609,77581,72,24808,24342,75,985,1008,2,2118,2099,20,3889,3586,32,6590,6082,45,136889,132460,94,18.7008
95084,91596,83,22209,21710,64,1456,1234,13,2703,2472,26,5498,5105,44,9216,9684,52,204569,199622,97,18.7038
158025,136450,95,67155,57952,90,1959,1846,22,4663,4108,39,8889,7707,50,15770,14130,70,342181,306163,107,18.7058
130887,121096,86,50629,46240,85,1879,1948,20,3827,3500,36,8023,7620,47,12748,12013,65,279491,265001,102,18.7078
153582,127236,97,61099,49241,93,1769,1329,21,3678,3222,35,8226,6921,50,12291,10415,59,284134,238868,109,18.7078
116221,105497,98,47980,43262,83,1256,1534,15,3077,2705,30,6171,5905,42,10851,10152,59,238020,214276,101,18.7139
87868,84433,85,29527,29118,77,1357,1161,10,1713,1632,19,4386,4126,38,7609,7674,47,157745,151887,96,18.7199
188591,144164,107,60659,45749,99,2677,1865,30,4765,3513,44,11617,9061,60,19818,16334,80,403773,310457,117,18.7289
70861,69999,87,21995,21960,64,827,992,0,1536,1335,16,3343,2873,35,4931,4430,38,115237,113443,92,18.7399
197253,167609,97,94244,83360,93,2209,1871,28,5281,3865,49,10101,8842,57,17303,15471,71,348926,313669,111,18.7599
222767,168820,103,82346,63713,99,2764,2256,30,5737,4243,46,11859,9320,67,20398,15830,91,403603,317214,115,18.7639
128550,114594,91,52219,46777,86,1902,1409,22,3161,2568,39,6701,6003,47,12734,11275,61,252619,225818,104,18.7719
97944,96427,84,25337,25083,74,1637,1565,18,2714,2811,28,6405,6388,43,10657,10300,62,222214,217426,96,18.7779
121203,111128,86,54873,50146,84,1347,1406,14,3235,3139,30,6534,5725,49,10933,9962,61,234946,219393,102,18.7779
94320,91656,83,36589,36073,79,1342,1496,13,1894,2008,21,4565,4508,37,8200,8530,48,154773,151164,97,18.7789
245702,209397,99,151548,134763,98,5919,4973,39,11880,10658,66,24694,21565,96,42405,37369,101,911884,791709,115,18.7789
120990,113873,86,46233,43340,84,1783,1660,19,2732,2947,31,6598,6060,44,11476,10859,59,234868,224260,100,18.7939
93892,91408,88,47260,46444,79,1626,1377,18,2760,2511,28,5412,5557,38,10024,10095,58,204084,197574,96,18.7949
99472,96594,90,26114,25127,79,1431,1535,16,2611,2684,24,6170,6208,41,10882,10839,56,228677,224441,98,18.7989
133149,124268,102,36572,34168,82,2098,1676,21,3782,2977,36,7252,6698,48,11756,11093,55,254434,240992,102,18.803
128513,107578,101,41746,34723,86,1947,1605,21,3191,2456,34,6494,5817,47,11076,8857,61,236115,203120,104,18.809
285681,187838,124,104987,67391,114,3551,2598,36,7133,4337,53,14390,9051,75,24488,16206,115,548942,363139,131,18.809
91602,88988,88,37286,36114,78,1453,1246,11,2572,2270,32,5551,5256,41,9589,9585,53,211929,200351,96,18.812
111869,107158,83,35849,34472,80,1824,1660,20,3528,3278,33,7331,6930,49,13791,12511,70,288689,274875,99,18.815
74887,72847,87,28067,27667,75,1247,1097,7,1604,1761,20,3800,3876,33,6805,6728,42,139669,135584,93,18.821
129922,105834,91,48439,39873,89,1934,1784,20,3197,2575,33,6712,5545,45,11696,8979,55,241902,197200,106,18.849
88121,89176,80,43826,43344,78,1482,1134,16,2327,2413,23,5308,5456,37,9481,9228,52,190120,181904,95,18.85
92453,88718,82,31256,30780,77,814,794,0,2124,2194,21,4404,4232,40,8357,7866,51,184045,179381,96,18.851
55936,55278,75,22034,22165,71,616,763,0,970,1243,9,2181,2345,25,4418,4365,36,85275,82610,90,18.853
82036,81406,79,33832,33063,77,1146,1257,12,1400,1553,21,4485,4312,37,7841,7639,50,177200,169236,94,18.859
128439,119699,88,33384,30162,84,2026,1741,23,3023,2694,31,6821,6321,46,12432,11216,60,258812,249786,102,18.86
164410,157634,88,95502,91346,87,3183,3307,27,7025,6444,48,14740,13963,67,26473,24777,91,543887,514177,103,18.871
99643,97321,83,27894,27384,75,1772,1640,21,2976,2733,30,6351,6299,43,11029,10835,53,244247,236620,97,18.872
177243,146169,97,58603,48603,94,2228,1896,23,4057,3225,35,8304,6839,52,14306,12314,61,319258,273676,112,18.877
92682,89418,88,34610,33967,78,1622,1512,17,1886,1618,22,4946,4460,38,8884,9111,43,182409,175076,96,18.885
79574,78279,81,31398,31188,77,973,888,0,1964,1789,19,3513,3159,35,6437,6308,41,142546,135409,94,18.8991
231980,180417,106,94451,74073,103,3369,3008,32,6123,4542,49,13204,10423,69,22970,18460,94,510715,417191,121,18.9001
146208,123997,90,35561,29163,88,2299,1720,25,3299,2958,32,7722,6462,49,12970,10857,61,276298,231129,105,18.9031
149439,118227,93,55241,44480,91,1978,1719,22,3560,2827,34,7383,5812,57,12849,10609,66,263658,212126,109,18.9051
92114,89404,96,29990,29601,78,1179,1190,10,1977,2056,22,5275,5008,40,8596,9232,45,186925,185275,96,18.9061
100959,99103,85,19541,19320,60,1524,1483,15,2927,2553,32,5706,5245,43,10447,10140,60,219556,208537,97,18.9071
88485,87643,80,47526,47359,79,1144,1143,9,2225,2106,26,4670,4532,36,8451,8729,48,180820,175441,95,18.9121
64909,63538,79,21948,22023,65,861,788,0,1476,1358,14,2653,2759,28,4455,4536,35,90885,91809,92,18.9161
225183,170166,106,77329,58022,102,3306,2576,33,5398,3752,45,11521,9042,60,19994,15341,95,414933,333477,121,18.9171
262640,169440,117,99916,65187,109,3404,2122,41,6714,4074,55,14221,9537,70,23374,15478,93,547348,360931,128,18.9421
129791,122927,83,55126,49975,84,1791,1552,22,3162,3132,31,8015,7748,48,12977,12037,59,290102,270210,101,18.9561
115681,111545,88,51360,49365,82,2006,1632,23,3384,2962,32,7775,7463,48,14384,13388,71,296278,285070,99,18.9581
270949,192233,116,80522,57752,113,4185,2618,41,8012,5716,60,15560,11639,68,27770,20827,94,591029,447787,133,18.9581
124509,114392,86,57112,52369,85,1816,1681,19,3168,3058,34,6890,6698,46,10769,10323,61,225188,210409,101,18.9771
148054,121224,96,59774,49732,92,2466,1885,27,3402,2438,36,7800,6379,53,12515,10036,65,290859,243453,109,18.9842
226671,172175,111,91829,69784,101,3331,2680,35,6224,4862,44,13095,10381,66,20773,16112,80,452743,356687,118,18.9852
161290,131265,103,43723,35035,92,2725,1863,36,3748,2988,38,9534,8268,53,17230,14577,75,369703,312367,111,18.9932
84729,85144,80,31120,30559,77,1265,1080,7,1388,1299,19,3942,3851,34,7221,7001,53,145185,138376,95,18.9992
104928,102089,82,38776,38220,80,1624,1775,16,3278,3093,30,6474,6573,44,11931,11287,57,252049,240854,98,18.9992
197552,160498,100,60652,48635,98,2646,2263,29,5297,4217,44,10600,8784,62,18874,16004,86,379350,319872,116,19.0002
174145,128864,112,65029,47632,96,2300,1872,25,4823,3644,45,9487,7013,56,17878,12958,77,352554,259004,114,19.0082
67315,68360,76,23570,23488,74,872,967,0,1716,1351,14,3360,3171,33,6055,5830,42,132389,126378,91,19.0242
86225,85822,81,21409,21059,58,1052,1097,7,1749,1836,22,4336,4170,35,7175,7281,44,152256,145973,95,19.0252
119873,115028,85,30100,29626,80,1541,1906,18,3263,2925,31,6953,6790,46,11545,11399,58,241047,229597,99,19.0302
278991,205490,120,112308,83190,118,4567,3093,40,8980,6903,57,21237,15665,89,37631,28238,120,831992,628140,135,19.0322
204390,162266,116,62651,47988,98,2881,2370,29,4660,3845,43,11262,9133,59,20250,15960,78,434184,350400,116,19.0352
122291,115507,86,47971,44590,85,1885,1825,22,3332,3334,31,6838,6306,42,12944,12243,62,262245,242788,102,19.0362
72638,73324,78,28013,27994,75,966,1164,10,1363,1317,18,4013,3827,35,7363,7135,49,157354,151996,92,19.0442
151138,130359,94,57747,50711,89,2202,1962,24,3620,3082,36,8237,7053,53,13493,11467,63,300667,271951,106,19.0472
234219,189025,102,87098,76027,102,3949,3106,36,7731,6454,49,15632,13601,66,27383,23502,105,558070,471863,118,19.0482
90734,87423,84,35611,35006,79,1268,1167,13,2203,2097,23,4980,4929,39,9717,9377,62,209239,196178,97,19.0642
169459,135921,112,68380,57448,94,2094,1742,23,3996,3363,38,8474,6370,52,14068,11215,66,313684,252857,112,19.0642
96458,94691,83,32532,31950,78,1410,1220,13,2634,2841,27,5547,5482,38,9328,9148,49,191284,181701,97,19.0652
220800,152672,107,80102,56762,104,2584,1725,30,5649,3984,46,11479,7962,65,18590,12388,91,431293,302431,122,19.0682
152092,119600,94,49090,38167,91,1981,1633,24,3679,2883,39,8468,7094,54,15142,12060,74,314354,245395,108,19.0723
85482,85412,78,25503,25096,73,1140,1034,6,2130,2339,27,5158,5082,37,8179,8034,56,178633,169465,95,19.0823
115999,112146,82,64884,63038,82,1541,1186,14,3258,2798,31,6641,6779,41,10850,9971,53,231993,223904,98,19.0833
214811,184217,112,130902,116435,96,4160,3438,36,7787,6575,53,16428,14372,66,28110,24573,96,558595,476800,113,19.0883
149010,127456,98,55858,48638,89,2612,2074,27,3970,3219,36,9219,8070,54,14679,12485,81,323283,284867,107,19.1013
86313,83788,81,36467,35851,78,1225,1014,3,2403,1718,26,4432,4094,38,7918,8421,44,172816,169137,95,19.1093
176759,139330,94,71919,56455,95,2575,1876,29,4170,3459,38,9244,7374,53,16789,12632,67,344745,278985,112,19.1203
102452,100657,88,22544,22121,59,1681,1686,19,3342,3392,36,6286,6045,43,10301,10336,57,227059,216381,96,19.1223
162034,141874,100,47480,42191,89,2232,1920,26,3660,3483,32,8365,8070,51,13895,12692,66,281545,260557,107,19.1223
143795,127157,100,74011,66637,88,4091,3842,33,7438,6474,49,15677,14347,67,25763,23619,91,547860,499673,104,19.1303
130831,119660,88,52771,47647,86,1454,1264,12,3033,2459,30,5799,5432,43,10542,9749,56,235591,214695,103,19.1353
161453,128505,95,45374,35064,93,1844,1491,22,3655,3102,35,9339,7484,59,16773,13756,69,325040,261381,110,19.1383
191304,154768,111,77837,62560,100,2465,2104,24,4737,3948,47,10069,8553,61,17517,14311,73,372437,314550,117,19.1403
88656,87246,80,27096,26972,77,1043,1085,7,2096,2021,23,4082,4042,35,7810,7612,47,159966,153307,95,19.1503
229701,181020,113,74278,59158,102,3112,2422,32,5725,4462,46,12164,9640,67,19941,15121,84,427215,353438,120,19.1513
104011,99893,84,31665,31107,80,1560,1708,18,1667,1709,23,5492,5336,42,10442,10158,56,223726,213177,98,19.1573
106886,103031,89,25219,24756,80,1833,1636,21,2619,2556,29,6108,5760,42,10028,9678,52,227361,215804,99,19.1583
109203,105359,95,42708,42023,80,1330,1059,6,3041,2613,27,5939,5664,39,10998,10136,56,231770,226302,98,19.1604
178050,155386,99,82808,73582,93,2189,2167,26,5079,4610,40,10439,9216,55,19627,18764,76,387316,353840,110,19.1744
175470,141240,97,61352,50373,94,2601,2098,26,4623,3695,45,9776,8249,60,18531,15865,72,378438,324293,112,19.1894
60510,60607,77,23433,23336,67,637,824,0,1992,1410,24,2485,2288,26,3789,3730,34,91424,90886,90,19.1914
68717,68095,77,23267,23187,69,828,846,0,1473,1311,18,3376,3245,31,6876,6737,45,138529,132728,92,19.1944
52368,51339,74,23624,23630,66,553,660,0,1022,964,0,2802,2771,30,4513,4378,36,93707,92701,89,19.1984
113200,109651,82,47892,46746,81,1567,1386,18,2768,2569,29,4696,4368,37,7845,7700,50,173255,161517,99,19.2004
118479,114900,85,46485,45424,82,1818,1810,24,3392,3586,36,6657,6845,44,13442,13295,66,266186,256567,100,19.2014
101690,97525,89,37142,36319,79,1449,1379,15,2559,2434,28,5334,5422,40,9456,9241,60,200597,186979,98,19.2104
83042,81935,78,35783,35512,77,825,842,0,2016,1884,24,4718,4531,36,8733,8561,49,164902,158176,95,19.2144
95274,93161,83,45962,44904,80,1396,1421,15,2374,2414,25,5683,5511,40,10576,10375,51,216614,202645,96,19.2144
162016,131182,97,62580,51408,92,2470,1810,28,3624,3050,40,8547,7181,54,15445,12703,66,325148,270180,110,19.2194
197070,162614,98,68438,56555,94,2683,2295,30,5041,3833,41,9962,8553,51,18243,15259,82,384365,329475,112,19.2204
177653,143612,95,50303,40022,95,2751,2273,28,5121,3765,43,11624,9287,66,20162,16612,86,403538,334236,112,19.2234
91178,88439,87,35052,34515,78,1057,1186,9,2179,2184,23,4809,4519,39,7647,7366,50,176261,169098,96,19.2374
160672,129700,100,64849,52009,92,2130,1742,28,3967,3003,47,9499,7419,53,16804,13300,76,355445,293714,109,19.2394
130623,106768,93,42710,35090,88,1638,1547,18,2584,2158,31,6040,5023,46,10317,8760,57,240574,210133,107,19.2474
75815,76012,82,28083,28190,75,942,1193,9,1288,1595,17,4015,4105,34,6423,6439,40,141723,138948,93,19.2484
85560,86286,82,28638,28344,76,1580,1323,12,2231,1848,24,4713,4957,36,8767,8176,61,190368,185127,95,19.2525
94714,91597,80,34889,33626,78,869,892,0,1583,2002,20,4433,4223,40,7471,7316,44,157827,150417,96,19.2675
200411,174635,95,75874,64941,93,2850,2511,27,5727,5357,40,10362,8895,53,17846,16111,73,373563,337190,110,19.2675
83717,80936,95,34202,33571,78,1190,893,0,2172,2008,24,4390,4189,39,8967,8426,56,168213,163674,95,19.2685
132420,109932,104,47527,38674,89,1450,1268,14,2957,2422,38,6886,5962,50,12508,10514,66,265677,224317,105,19.2695
130682,111499,89,37479,30919,87,1867,1354,22,3083,2412,33,7232,5920,52,12155,11010,59,274894,247840,104,19.2785
103260,97812,89,35458,32496,91,1144,1280,12,2529,2113,28,4834,4591,38,9627,8798,55,195637,188764,98,19.2815
146474,120640,91,55072,45762,89,2092,1938,23,3668,3087,36,7901,6557,48,14866,12497,72,310888,259685,107,19.2835
101056,99009,83,30598,29970,78,1235,1370,12,2272,2764,25,4843,4839,35,8540,8196,49,177462,167647,96,19.2865
67660,67383,79,26355,26306,75,906,995,0,1070,1213,13,3065,3039,30,5449,5257,40,99621,98263,92,19.3015
95104,89765,88,25660,25633,78,1248,1206,11,1854,1857,24,5178,5072,36,9685,9347,54,201893,194352,97,19.3055
139140,117999,92,39748,33990,87,1427,1094,9,3395,2777,36,5759,5374,42,10477,8783,61,225876,195116,106,19.3095
81335,80337,80,29673,29176,76,1150,1083,6,1693,2017,20,4377,4288,35,8860,8910,46,175270,166510,94,19.3115
110584,107060,86,32047,31060,79,1580,1410,14,2238,2154,27,5470,5150,40,9495,9076,61,195397,185228,98,19.3185
207703,164456,102,65113,52020,95,2271,1608,25,4323,3541,41,9844,8298,56,16451,13874,76,344740,298919,112,19.3275
201089,143892,103,71615,52658,97,2411,1860,25,4779,3262,44,11082,7849,61,19481,13735,82,421417,299554,115,19.3275
88460,87087,79,29680,29157,78,1131,959,0,1952,1920,21,4304,4221,34,7608,7446,45,158879,152760,96,19.3325
84252,83069,85,28420,27925,75,1104,1087,7,1771,1766,22,4186,3760,36,6844,6419,47,141369,133916,94,19.3365
109255,107700,83,32205,31766,79,1373,1344,15,2819,2859,24,5777,5394,44,10192,10227,54,200111,187453,98,19.3385
188545,155069,103,50322,40666,98,2272,1780,26,4536,3465,42,9951,8692,57,18059,14623,79,380389,318053,115,19.3466
107633,105596,82,35259,34618,79,1462,1568,15,2946,2851,30,6494,6620,43,10841,10311,58,229594,220078,97,19.3516
103088,98095,93,33277,32519,80,1470,1563,17,2946,2507,30,6273,6073,42,9886,9379,58,230422,217496,97,19.3636
129359,125408,90,60453,59234,82,1857,1617,20,4004,3808,35,7885,7733,47,12565,11619,57,270721,255292,100,19.3646
116055,99784,90,35328,30056,84,1551,1256,19,2964,2326,32,6099,5126,48,10473,9115,54,216820,189569,103,19.3646
134010,124963,96,40755,38072,82,1532,1527,17,3783,3940,32,7613,6966,47,13857,12654,59,275022,255031,101,19.3686
111478,109305,98,37374,36986,79,1753,1730,20,2904,2997,27,6832,6929,42,11706,11062,60,254358,242463,98,19.3686
151181,125183,100,54808,45368,89,1988,1571,25,3606,3002,39,8312,7141,50,14302,11400,69,298877,252842,108,19.3696
179746,140268,99,63429,48543,96,2537,1701,29,4505,3455,42,9722,7689,58,17780,14944,75,380889,297322,114,19.3746
115599,110917,86,45546,43695,83,1971,1716,23,3823,3651,36,7543,7458,45,13427,12775,66,269771,257536,100,19.3796
61162,60000,76,20088,19884,57,785,468,0,1137,1296,12,3156,3081,31,4768,4772,37,130050,126490,91,19.3876
241955,176388,120,74278,52041,103,3264,1870,33,6011,4402,47,13113,9240,69,20580,14844,83,444009,322814,120,19.3906
195275,158462,103,60401,48983,94,2316,2117,26,4572,3542,41,10247,8656,57,17940,14869,76,376383,328531,113,19.3946
155975,136455,94,46654,39889,90,1936,1591,23,3764,2919,35,8170,7113,54,14483,12998,70,294859,264740,107,19.3996
110067,107745,85,40467,39432,81,1567,1706,19,3358,2640,36,5871,5984,39,10971,9861,61,219134,206978,99,19.3996
98927,96015,81,26479,26046,77,1358,1395,17,2666,2130,29,5161,5301,40,8750,8523,51,174525,168630,96,19.4056
164691,144344,96,51807,45214,90,2943,2668,29,5055,4499,41,11651,10519,56,20269,18664,78,416916,378081,108,19.4096
85622,83598,82,29319,28981,77,1279,1191,11,1448,1382,14,4781,4766,40,8315,8381,49,173677,166832,95,19.4136
88056,86845,81,20700,20467,56,1305,1355,15,2560,2768,30,4263,3990,37,7711,7734,44,166942,164354,95,19.4276
97077,96587,79,37266,36860,80,1348,1356,14,2733,1841,30,4292,3895,39,7846,7446,50,163167,157133,97,19.4307
107810,106934,83,46505,46132,79,1316,1209,11,3217,2826,32,5341,5354,40,10380,10341,54,218981,214518,97,19.4317
160643,129891,103,49899,40924,92,2381,1940,24,3755,2901,37,8452,7473,53,15144,13037,74,304467,252727,111,19.4377
164074,130887,96,54303,43012,92,2068,1725,25,3779,3259,40,8599,6974,55,14541,11849,64,308237,248327,110,19.4407
80485,80737,79,36180,35942,77,1228,1233,12,2033,2149,22,4357,4166,36,8438,7841,53,159371,155753,94,19.4437
170143,133973,109,60616,48377,94,2387,1735,31,3535,3367,35,8141,6404,53,13108,11042,65,289216,238788,112,19.4457
86447,85927,79,25367,25779,69,1200,1630,15,2246,2324,23,5754,6102,39,10727,10745,50,223142,213788,95,19.4537
113051,110941,86,53264,52241,80,1833,1653,20,2486,2412,30,5636,5076,43,10003,9879,55,202330,196321,98,19.4547
138329,122044,91,38969,33215,88,2062,1842,22,3379,3028,30,8152,7737,51,14501,12678,74,299558,273155,105,19.4567
51896,51194,88,22522,23110,63,504,888,0,845,837,0,2399,2225,27,4340,4461,34,87863,88487,88,19.4607
124939,113003,88,34959,29965,86,1331,972,0,2273,2536,28,5939,5621,42,9562,8722,53,214658,194844,102,19.4647
136278,130805,84,65084,62457,85,1569,1630,17,3592,3303,37,5891,5321,45,10881,9973,63,206869,192116,102,19.4777
93653,92189,84,24895,24777,71,1716,1511,17,2498,2682,26,4722,4849,37,8377,7893,48,176405,162066,96,19.4827
138900,131659,87,53474,50334,86,1880,1821,20,4062,3918,34,8278,7950,48,13473,12654,61,291789,276356,103,19.4867
165059,138654,108,38587,32346,91,2131,1569,23,3408,2845,32,7838,6703,51,12437,11079,63,263212,226304,108,19.4897
129978,113364,87,51543,44029,87,1567,1367,19,3203,2556,32,6758,5991,47,10943,10081,63,239960,205942,104,19.4907
137158,126289,88,60417,54750,86,1710,1542,17,2896,3085,30,6924,6134,52,13473,12593,72,277120,257566,102,19.5057
93180,91194,81,37470,36838,79,1072,1087,7,2357,2223,26,4949,4924,36,8660,8086,51,193658,186709,96,19.5067
261062,205589,124,100919,81455,118,3934,3268,34,7426,5889,46,15674,12914,71,25499,20950,106,538857,448853,136,19.5097
56554,55979,74,17426,17463,52,809,740,0,1424,1023,6,2621,2508,27,4778,4606,39,90186,90844,90,19.5208
254485,191967,106,99684,75575,102,3446,2602,35,6377,5198,52,11962,9433,59,21223,17115,79,447203,358896,120,19.5218
121868,110834,88,52611,47274,85,1561,1560,17,3680,2860,38,6978,6439,46,12590,10840,68,249090,228778,102,19.5258
157041,139875,90,56815,50168,89,2227,1860,25,4125,3356,39,8518,8250,53,15281,14723,65,325182,296497,106,19.5318
91115,89529,83,33680,33028,78,1261,1186,13,2459,2499,27,4644,4489,37,8138,8102,46,179602,168733,96,19.5448
109899,107637,85,56777,55790,81,1854,1676,17,3401,2834,34,6414,6289,45,10823,10971,55,241805,231030,98,19.5458
205263,177440,98,101793,87265,97,4656,3657,38,7502,6438,50,17120,14936,82,30578,27076,100,622636,538543,114,19.5488
223308,167118,106,76889,58681,101,2749,2032,32,4502,3261,41,9790,7514,60,17174,13799,82,375502,293462,119,19.5488
90868,89147,84,33943,33836,78,1179,1119,9,2069,1719,24,5219,5112,36,8822,8721,51,193574,190876,96,19.5528
84674,84914,78,32327,31826,77,1224,1208,9,2190,1966,25,4760,4866,37,7665,7510,48,163510,157605,94,19.5578
196935,150901,103,68056,52075,98,2650,1909,30,4534,4044,41,9879,8036,60,16538,13540,75,337101,260684,116,19.5638
74379,75979,76,24719,24653,70,1097,1104,7,2053,1954,20,4382,4057,38,6611,6539,44,144896,139881,93,19.5648
107357,104186,83,45454,43734,82,1955,1816,20,2265,2635,25,6244,6035,45,11284,10599,55,243812,233541,98,19.5648
91514,89502,82,30643,30528,77,1383,1357,13,2453,2158,25,4906,4865,40,8895,8255,53,189943,180686,95,19.5648
125552,113227,88,44532,40463,84,1423,1417,16,3037,3011,32,6567,6055,43,10001,9058,54,223922,202011,103,19.5678
59812,63763,70,24551,23231,73,596,792,0,1273,1481,17,2898,2623,30,5205,5540,35,109424,107173,90,19.5768
64282,63650,75,20322,20443,57,872,801,0,1766,1377,16,3056,3144,30,5558,5628,41,111310,106771,92,19.5828
163018,130674,94,64745,51216,92,2130,1494,25,3588,3208,34,9654,7665,61,17086,13773,72,356784,286159,109,19.5938
107276,104765,84,38398,37300,79,1911,1808,21,3083,3093,28,7263,7103,45,13465,13273,61,275398,266877,98,19.5958
139645,131017,84,53844,51867,83,1945,1906,20,3503,3616,34,7723,7448,47,13232,12156,66,261279,237975,101,19.5968
186840,149997,98,60329,49909,95,2069,1674,24,3884,3151,36,9419,7857,55,16368,14053,69,336528,287286,114,19.5978
191591,147254,103,60497,45954,96,2686,2109,27,4478,3387,44,10267,8017,57,19491,15250,79,378208,299266,114,19.6048
143271,120692,94,52141,44453,87,1929,1599,20,3077,2852,33,7219,6073,47,12980,11670,64,280444,240640,106,19.6119
125297,119212,88,49701,47876,83,1583,1779,18,3224,2904,34,7662,7198,48,13020,12612,66,277303,265017,101,19.6129
149570,130416,92,53053,45604,89,1814,1673,20,3413,2875,33,6681,6006,47,11768,10142,63,246947,215520,106,19.6139
96654,92561,85,32564,32058,79,914,822,0,2051,2183,20,4171,4297,35,6608,6860,39,144806,139883,97,19.6169
96902,95543,80,31170,30651,78,937,1105,7,2178,2111,25,5207,5059,38,8735,8978,47,175222,164451,97,19.6189
56360,56998,76,19722,19527,58,662,769,0,1148,1311,13,2202,2293,26,4302,4614,35,91148,91513,91,19.6209
93718,90531,82,26838,26292,78,1258,1375,14,2252,2434,22,5378,4941,41,9210,9183,52,207610,192638,97,19.6259
88504,87755,82,33294,32830,77,1418,1152,11,1638,1490,24,5140,5008,40,7517,7096,47,169478,159637,95,19.6299
186895,146822,104,62485,48810,95,2283,1884,27,4678,3557,43,8953,7146,59,15509,11702,66,319225,262065,113,19.6339
167724,147831,90,64024,56674,89,2271,1766,25,4284,3888,35,7936,7185,52,13497,12911,60,291450,257828,107,19.6369
61112,60097,76,21297,21205,65,619,541,0,1474,1305,14,2786,2783,30,5248,5398,41,107260,101986,91,19.6459
232570,179367,113,79515,64343,102,3308,2626,34,5766,4910,44,13079,10567,65,24263,20920,97,466439,390398,119,19.6519
151663,131698,89,58544,50057,89,2032,1684,22,3580,3466,34,8297,7534,52,15530,13237,72,313863,274451,105,19.6539
171647,133244,99,71489,58130,94,1961,1618,22,3857,2981,38,7577,5612,51,11611,9045,67,269376,215535,112,19.6759
76409,76263,80,20645,20416,62,1303,1155,9,1580,1386,19,3437,3318,32,5820,5527,41,125329,120449,93,19.6859
161547,135563,95,57660,47849,91,2776,2290,29,3935,3231,38,8612,7571,54,15446,13231,69,317353,278983,109,19.6869
170438,142935,107,63055,53495,92,2319,1901,28,4013,4142,37,10234,9127,59,18702,16026,82,379928,332844,110,19.6909
134517,124513,96,58216,53781,86,1762,1619,22,3069,3186,30,7371,6430,47,12290,10785,62,267222,249732,103,19.6919
38956,41806,53,13540,13885,46,715,766,0,530,957,0,2143,1835,24,3988,3600,37,74621,77102,85,19.6919
194695,152383,100,69610,54490,96,2837,2370,28,4861,3963,40,10504,8403,65,17996,14935,80,372134,311883,114,19.6929
113741,106797,86,51367,49387,82,2098,1810,23,3150,3229,31,7226,6414,46,12461,11968,60,259735,241710,99,19.6939
138894,120350,90,56189,47724,89,1625,1580,20,3386,2830,35,7730,6703,50,13972,12253,70,291047,256812,105,19.6949
132523,123128,87,66717,62184,86,1745,1522,19,3703,3669,35,7693,7388,47,13908,13212,69,299146,274679,102,19.6979
183165,145888,113,65106,51829,94,2390,1822,24,4070,3512,40,9883,7654,56,17833,14278,78,361822,287873,113,19.703
167955,133870,97,57498,45340,91,2259,1714,26,4315,3323,37,9068,7359,57,16918,13721,69,365805,295768,110,19.704
116819,114013,83,35102,33854,81,2360,1695,26,3748,3416,32,7370,7151,45,13087,13073,58,275803,264022,99,19.705
129219,117898,92,45313,41866,86,2231,1957,23,3353,3036,32,6797,6411,45,11475,10832,53,247513,233048,103,19.71
78233,77124,91,29997,29883,75,1014,1093,7,2033,1670,20,4401,4048,36,8104,8209,49,165175,157947,93,19.72
224232,169625,117,68438,52248,105,3030,2342,33,5800,4347,53,11669,9163,61,21217,15567,86,456567,355156,124,19.725
173312,135573,100,53868,42799,91,2338,1911,23,3920,3093,38,9262,6862,57,14776,12190,66,341314,270498,111,19.727
142644,120173,93,50532,42561,88,1814,1413,21,3326,2568,35,7362,6608,47,11384,10156,55,258907,225813,107,19.733
197329,148086,100,66083,48468,98,2543,1966,27,4991,4135,45,9895,7567,59,18910,14024,94,406362,315873,115,19.735
133489,119914,96,45164,41040,85,1546,1689,18,2835,2870,28,6980,6206,49,11973,10548,58,258625,236656,104,19.736
92763,91665,80,17486,17210,54,1083,1147,8,2167,1814,27,5117,5028,39,8668,8411,49,186702,180264,95,19.74
233229,198607,108,100005,85053,107,4566,3468,37,9413,8792,53,19768,17169,80,34353,29414,113,698802,630993,124,19.741
159886,138216,91,66702,57292,89,2531,2261,27,4802,3831,42,9284,8047,52,15557,13716,69,324911,289437,106,19.745
146630,120810,93,55320,45264,90,2010,1708,21,3775,2911,38,6916,5811,49,13362,11270,63,271783,228481,108,19.748
114919,111716,86,25233,24419,77,1743,1907,19,3030,2925,26,6344,6075,41,9580,9442,58,215200,205215,98,19.758
103755,101684,81,41336,40410,79,1354,1395,16,2871,2668,28,5964,5507,44,8777,8135,51,214168,208271,97,19.765
98858,96879,82,38513,37721,80,1565,1573,17,3104,3018,30,6168,5475,45,11620,10775,69,253505,246684,98,19.765
154604,121763,101,49148,37882,91,1901,1355,20,3143,2268,37,7774,6041,52,14454,11732,72,299369,244775,110,19.768
140118,117374,93,43130,35291,89,1789,1498,20,2821,2696,36,6849,5647,48,12112,9586,66,249569,207187,108,19.774
113601,111138,84,41057,40280,80,1588,1592,17,2242,2061,26,5803,5267,44,10241,9148,53,210914,203914,98,19.776
233113,169734,108,71209,51705,102,2839,2081,30,4986,4004,47,11356,8399,63,19925,15861,79,412077,317861,120,19.788
175557,144435,99,47876,38267,91,2127,1674,27,4205,3399,43,9558,7966,59,16874,13963,78,334183,291271,111,19.7911
249958,201789,109,100788,81648,107,3257,2943,30,6744,5361,61,13297,10919,62,23580,21016,85,478747,420200,125,19.7931
131470,114543,88,41639,35082,88,1459,1381,20,3615,3278,31,7965,6965,55,14450,12906,68,295315,261929,104,19.8021
149217,122245,95,55830,46628,91,2098,1775,25,3409,2837,37,7642,6343,50,13082,10248,70,277580,226132,109,19.8061
194178,163490,97,71657,60069,93,2576,1925,28,5142,4569,43,11394,9942,59,17836,15301,83,379908,331840,111,19.8111
126946,107575,94,45190,38675,87,1508,1398,19,2218,2330,24,6343,5348,46,10134,8575,53,232585,202133,105,19.8131
100140,94853,82,37100,36214,80,1109,1327,14,2653,2272,29,5172,4935,38,8688,8076,53,192611,183878,98,19.8171
149974,135271,103,42518,38119,88,2536,2242,27,4529,3558,39,8105,7841,47,14464,13967,66,312682,285900,108,19.8181
248798,176940,119,90053,64476,110,3080,1938,36,5552,4510,45,13374,10006,69,24523,17743,97,517985,385696,129,19.8241
110126,106087,83,30391,29348,80,1556,1392,17,2938,2968,28,6533,6310,45,12235,11129,61,258851,239100,99,19.8261
195417,151998,107,63534,49827,97,2737,2362,28,4914,4256,40,10254,8141,57,19927,15832,85,410391,323527,115,19.8351
116906,112314,82,25943,23845,81,1962,1677,23,3408,3076,32,7534,7358,45,13719,13511,65,277614,267457,98,19.8471
250693,189898,110,83117,63516,103,3896,3073,36,6460,5103,55,14307,10756,69,23634,18417,88,524337,410740,121,19.8511
165385,143841,96,70002,61906,89,2579,2097,27,3127,3338,33,8288,7492,52,12948,11575,60,285239,265637,107,19.8511
137171,118274,91,43474,36372,90,1408,1231,17,2999,2643,34,5988,5159,44,10037,9351,55,217427,187826,107,19.8561
130183,122977,85,56432,53575,83,2089,1727,22,4152,3983,35,7840,7989,45,14031,13056,67,289008,266483,100,19.8561
159773,135365,90,51323,41536,91,1922,1763,20,3623,2983,39,8427,7326,52,15946,13009,71,316114,272529,107,19.8681
231876,165875,111,82469,58968,103,2831,1951,31,5650,4032,46,11558,7883,68,17823,12326,76,443693,322404,121,19.8681
82603,82978,78,35512,34818,77,1372,1133,9,1517,1794,21,4859,4456,37,8238,8301,48,166226,157005,93,19.8751
129390,111477,90,46141,39215,86,1298,1350,14,2916,2445,31,7055,6222,45,11990,11446,55,249502,220868,104,19.8782
191817,153612,101,60195,46277,95,2644,2067,27,5128,4056,43,11127,9062,59,20597,16454,85,390887,326093,113,19.8812
242172,200815,100,145007,125590,101,4841,4020,37,8613,7062,50,18208,14921,78,29375,25392,103,625871,516321,117,19.8822
84170,81590,82,32741,32149,77,884,815,0,1920,2169,23,4483,4628,36,7570,7942,44,156721,153667,95,19.8992
273186,209852,112,156485,127798,111,6221,4963,42,11290,9451,60,23468,18787,100,41687,34344,115,830665,684745,127,19.9002
181175,140640,96,66402,51285,94,2184,1808,29,4480,3359,42,9210,7308,56,16659,11988,82,348447,276048,112,19.9032
65988,67806,75,28475,28504,75,599,636,0,1450,1174,14,2674,2689,29,5740,5352,41,111318,108526,92,19.9032
94063,93145,81,21891,22053,57,1429,1518,15,3674,3385,31,6286,6162,47,11344,10720,69,245996,232899,97,19.9032
141963,123777,90,45243,37843,89,2209,1529,24,3527,3399,32,7523,6962,49,13874,12297,66,292712,252378,106,19.9142
179354,150736,101,57707,48939,94,2282,1818,28,4653,4436,36,10413,8965,55,18453,15895,82,391486,351336,112,19.9272
116515,106511,91,34330,30741,84,1563,1408,20,3735,3497,32,6734,6386,44,13124,11691,64,258846,238292,101,19.9282
56736,58198,72,15603,15717,48,724,806,0,1277,1592,15,2350,2505,25,4853,4948,37,89939,93147,89,19.9442
66907,65237,85,19099,18991,54,833,784,0,1371,1764,18,2858,2962,31,5328,5029,41,107333,106673,92,19.9462
87866,85408,83,25954,25537,77,1807,1461,17,1892,2161,23,5015,5085,37,8786,8443,57,180324,173989,96,19.9542
309849,233936,129,170591,129390,129,5137,4057,39,13173,10919,63,24171,18752,100,38868,31020,129,834092,677087,145,19.9783
125981,105045,94,40045,32894,86,1559,1444,17,2121,2268,27,6539,5356,49,10595,8474,59,221070,184198,105,19.9823
201583,153349,106,61231,45481,99,2297,1667,30,4867,3783,40,10921,8641,60,17995,13584,83,384165,301649,117,19.9873
141616,116494,102,54244,44271,90,2259,1859,26,3279,2501,33,8238,6776,52,14235,11620,73,313937,253618,107,19.9893
77817,77857,77,20219,19866,57,1242,1237,10,2459,1885,24,3884,3737,35,7568,8102,43,157927,153238,94,19.9903
171682,133008,96,77320,61917,95,1931,1460,23,4198,3368,41,8074,5822,59,13507,9974,69,305379,236786,112,19.9943
163862,129448,95,64204,51888,93,1674,1346,18,3355,2459,37,7693,5987,51,12199,9885,65,258894,202252,110,19.9973
165923,138110,102,51509,42287,89,2289,1864,24,4106,3647,38,9981,8511,56,17416,14879,70,363876,312211,108,19.9983
108123,105426,83,26990,26425,78,1853,1846,18,2721,3093,29,6764,6601,45,11762,11395,59,247477,240395,98,20.0013
83776,81098,84,34863,34525,77,826,937,0,1810,2066,21,4237,4101,36,6608,6618,44,144761,140135,95,20.0023
144919,131369,95,73663,68573,88,2469,2247,26,5103,4282,43,8706,8111,55,15367,14313,66,319730,295062,104,20.0093
184659,152733,98,80338,69431,94,1910,1633,21,4354,3466,37,8030,7256,50,14328,11748,64,295410,253300,113,20.0123
149177,122089,94,57521,47166,90,1916,1548,24,3298,2671,33,7162,5927,49,11244,9889,57,249432,206131,108,20.0173
198923,144493,117,68843,50567,99,2870,2072,28,4519,2919,40,10203,7529,62,18442,13408,81,397324,300675,117,20.0193
111922,102775,86,46341,42361,83,1656,1399,14,2689,2383,29,5877,5937,42,10143,9331,55,212632,195490,100,20.0223
192597,152495,99,76289,60862,98,2039,1598,24,4929,3886,46,10565,7854,65,17664,13531,73,382984,306890,116,20.0233
51374,50109,77,17495,17832,51,820,573,0,626,751,0,2334,2168,27,3789,4108,35,88465,88254,89,20.0303
208561,164162,104,60720,46618,96,2537,1903,28,5460,4608,44,11272,9162,60,20298,16783,77,410635,335914,115,20.0574
202275,169194,103,89487,74374,99,2969,2313,29,5111,4366,43,10889,9595,54,18197,15732,78,384492,332322,116,20.0734
147889,126580,98,54641,45706,89,1988,1885,24,3770,3476,35,8839,7580,53,14824,13404,68,343945,305194,106,20.0744
93460,91750,81,36387,36008,78,1268,1270,14,2934,3028,28,5813,6031,44,10952,10787,56,222767,208439,96,20.0744
111519,106865,85,45846,44691,81,1964,1725,21,2887,2981,29,7794,6904,49,13262,12436,68,288942,273619,99,20.0774
150720,121473,101,53236,41838,91,1970,1599,21,3652,3186,36,7771,6674,54,14114,11340,65,287035,226682,106,20.0844
135701,117905,91,44198,37738,86,2165,1843,24,3716,3154,36,8017,7208,48,14055,12232,64,305114,274192,105,20.0934
120254,116593,85,55842,54619,82,1620,1224,12,2925,2527,31,6463,5858,46,9966,9788,52,227832,210946,99,20.0974
257567,194641,116,141964,109652,106,3865,2957,35,8194,6020,52,15860,12129,78,26895,21863,107,562393,449196,122,20.1104
173608,140291,97,67392,55013,94,2488,2145,25,4191,3443,35,9552,7711,57,17288,13186,81,366843,302923,112,20.1104
75058,73710,83,30270,29873,76,697,817,0,1966,2080,18,3921,3798,35,6618,6363,45,154913,152973,93,20.1174
112630,109336,83,40891,40098,80,2025,1633,23,2794,2685,29,6621,6146,45,10658,10312,56,247104,232237,99,20.1214
141865,124644,87,52647,46027,87,2335,2005,26,3801,3437,39,7570,6532,48,13705,12390,67,286463,259738,104,20.1224
244769,178683,117,82034,61351,104,3333,2542,37,6094,4722,48,12369,8753,67,21976,16286,87,454524,334033,122,20.1244
87557,87831,78,33681,33345,76,1149,1153,11,1869,1815,21,5319,5266,38,9453,8641,52,193327,182222,94,20.1244
131248,124290,93,59353,56021,84,2244,2219,24,3942,3702,37,8573,8116,50,15349,14443,73,308042,292310,102,20.1314
103449,99453,82,36758,36157,80,1676,1451,20,2565,2552,28,5992,5709,43,11287,11314,54,238275,222200,99,20.1324
261303,200153,127,101873,77925,114,4637,3862,38,9269,7436,56,18034,14519,71,31375,26315,116,660727,541524,132,20.1334
105312,102627,83,43779,42912,80,1171,1231,14,2775,2532,25,5698,5781,40,10355,10264,54,215256,203974,98,20.1424
142630,124918,89,50521,44051,88,1758,1636,20,2708,2534,30,6582,5604,46,11242,9482,56,241918,215320,105,20.1545
211534,158948,102,74924,56206,98,2749,2224,30,5164,4243,41,10990,8322,58,20894,16438,86,440628,344024,117,20.1665
156868,144646,91,63960,58794,86,2448,2182,27,4582,3991,40,10279,9412,56,19309,17829,77,397427,375327,104,20.1725
162754,142850,94,49701,41743,90,2238,2049,25,4401,4106,38,9337,7941,54,17041,15135,73,334710,300273,107,20.1725
82076,81525,79,36428,35788,78,1052,1101,8,1292,1039,5,4119,3937,34,6873,6641,43,154670,144406,95,20.1835
123830,120371,87,39368,38096,81,2036,1805,21,3529,3281,34,7256,6821,44,12187,10824,66,253616,239681,99,20.1905
99135,97154,82,34261,33527,77,1252,1370,15,2609,2537,28,5877,5783,42,9214,8809,46,209486,201247,96,20.2065
141016,126436,94,46878,41022,87,1872,1469,19,3284,2901,34,7107,6347,47,12954,11758,68,271007,249766,104,20.2195
182221,137152,98,64057,48831,96,2048,1669,26,3967,3048,40,8959,6793,56,15859,11979,81,319111,243792,113,20.2195
155819,127863,94,57748,47866,92,2102,1788,24,3723,3071,39,8158,6987,54,14440,12702,64,299553,248552,109,20.2345
314422,241582,139,215057,170592,139,7412,6108,45,13071,10196,70,27520,21199,105,44760,36171,140,984166,776120,154,20.2355
114935,110683,87,38599,37252,81,1504,1383,17,2671,2997,28,5781,5780,43,10253,9840,60,199301,192027,98,20.2456
77725,78178,77,35976,35736,77,1218,1450,12,1595,1851,22,3994,4081,35,7201,7175,44,145918,140566,94,20.2466
162981,133693,101,60566,50115,92,1938,1716,22,4603,4204,40,8256,7017,50,14246,12031,70,312943,267863,110,20.2636
118479,114029,84,45358,42634,82,1462,1514,18,3681,3475,36,7669,7128,49,13372,13425,62,284143,270586,100,20.2696
143493,128568,103,45124,39913,85,1974,1950,24,3506,3322,37,7812,7074,51,13563,12589,69,276210,254757,104,20.2746
134040,115437,102,51428,43425,87,1751,1659,20,3282,2599,33,7438,6386,53,13102,11229,65,267863,232002,105,20.2836
160204,127695,104,53943,42938,91,2198,1644,27,3634,3340,33,9133,7429,53,16431,13510,69,349915,287647,110,20.2936
155347,136945,91,57885,50702,89,2422,2097,25,4806,4322,39,9513,8622,55,15347,13605,65,326951,290298,107,20.2976
85502,83893,81,28711,28140,77,1450,1438,13,1852,1455,26,4850,4645,37,7621,7314,50,185377,179149,96,20.3066
110556,107685,83,32043,31438,80,1534,1591,17,2323,2454,26,5535,5619,39,10060,9413,59,208034,200575,98,20.3066
117271,110754,84,45156,42147,83,2238,2078,26,2795,2948,29,7491,7061,47,13536,13191,65,282954,268106,101,20.3116
151376,136731,91,58746,52912,87,2400,1963,26,4443,3857,36,7801,6886,52,14737,13830,71,304864,284124,104,20.3136
114270,111325,83,40624,39892,80,1612,1480,17,2993,2971,29,6583,5878,45,10450,9856,62,210873,200246,98,20.3186
136043,114299,93,47778,41051,88,1908,1864,22,3562,3179,33,6716,5778,47,10635,9176,57,252214,219847,106,20.3236
225660,183142,103,85491,69468,99,3693,2608,35,6028,5587,41,12911,10719,63,22184,19024,95,455748,405021,117,20.3246
110927,108512,81,32663,31842,79,1948,1634,19,2262,2219,25,5828,5797,41,10982,10419,55,232909,216802,98,20.3297
156456,130389,94,52209,42646,91,2279,1661,22,3649,2661,36,7757,6743,48,14371,12072,70,298119,250809,108,20.3307
188397,149995,105,61001,49614,93,2233,1811,26,4725,3751,42,9436,7667,59,16425,14203,75,345334,300167,110,20.3387
82631,81067,86,26696,26243,74,1184,1244,10,2252,1956,24,4590,4467,38,8119,7773,46,171371,165443,95,20.3397
153887,134663,89,48430,41820,89,1722,1717,21,4068,3403,36,8058,6685,50,14774,12452,65,290958,251942,107,20.3427
202427,161082,101,86817,72460,98,2490,2268,26,5133,4423,45,11491,9225,63,17603,14312,84,399383,330715,116,20.3567
241925,176502,103,88844,63983,102,3188,2545,32,7464,5657,54,13663,10126,70,25352,19439,102,504603,378106,119,20.3637
193762,151613,110,65126,50542,95,2866,2319,32,4405,3570,42,10698,8398,62,20838,16713,96,401355,332950,113,20.3677
82187,80165,89,32585,32155,77,910,843,0,1617,1647,20,4215,4209,36,7909,8210,44,158543,151278,95,20.3687
179335,139390,97,54374,41964,95,2401,1952,27,4400,3451,46,8918,7012,54,15841,12671,71,331165,263300,114,20.3807
268444,205682,133,74307,54635,115,3448,2624,36,7168,5606,53,16150,12721,76,27323,21077,101,590030,465226,133,20.3827
86861,85466,79,21157,21338,57,691,734,0,2210,2184,25,4611,4695,37,8805,8671,46,180100,177828,95,20.3827
206559,160094,104,54841,42841,92,3286,2330,36,5118,3531,47,10862,9027,58,21113,17065,89,411348,333291,114,20.3827
197287,147440,99,70072,52391,97,2998,2091,31,4911,3187,50,11170,8682,63,19687,14930,86,403034,296481,116,20.3977
113722,110902,83,34024,33357,79,1873,1588,21,3225,3230,31,6370,5756,44,11529,11295,57,227932,214934,98,20.4017
90161,89126,83,36673,36505,77,1068,1335,14,2054,2150,25,5121,4868,39,8706,8985,49,198212,196011,95,20.4027
74562,74043,83,41546,40537,78,823,1008,4,1886,1734,23,3912,3425,34,6407,6810,40,142413,137255,93,20.4027
152857,142503,99,62210,56593,87,2218,2128,24,4640,3789,40,8453,7580,57,15211,14300,69,334403,305829,103,20.4208
116537,112792,86,38057,36975,80,1909,1942,24,2734,2827,27,6224,5846,44,9325,8598,56,207125,193622,99,20.4218
221546,171584,104,87700,67835,102,3186,2524,31,5090,3480,48,10487,8136,57,18474,14414,78,381018,300549,120,20.4238
219896,183184,98,124030,107353,99,4707,3931,37,8395,6987,50,18083,16130,71,34104,30258,102,677902,603583,115,20.4268
204596,156106,99,66325,51117,96,2297,1681,23,4424,3312,45,10144,7935,56,16802,12728,73,354328,276535,115,20.4278
185909,153422,97,59542,47642,94,2470,1701,30,4652,3705,42,9640,7912,57,17681,14483,75,364249,306816,111,20.4278
95139,92148,85,32945,32375,78,1354,1488,15,2136,1774,24,4745,4353,39,8430,8105,51,193670,182402,96,20.4288
91319,91023,82,27805,27410,77,1129,1348,13,2684,2771,29,5680,5553,41,8633,8387,49,195192,186252,95,20.4338
104089,99889,83,19988,19344,58,1608,1580,18,2800,2418,28,5496,5091,41,10078,9290,63,206536,194994,99,20.4348
111798,109543,81,27469,26607,78,1975,1952,22,2908,3147,29,7637,7478,45,14587,14513,64,287433,274571,98,20.4508
111056,106431,85,47646,46567,81,1838,1777,19,2962,2642,30,5375,5056,41,10551,10272,50,233756,226891,99,20.4518
206654,170681,113,73743,61540,95,2808,1887,31,5495,4710,45,11403,9407,61,18817,16779,82,389400,336587,113,20.4558
47192,47895,74,11392,11406,44,1697,1780,20,3691,3857,31,5504,5743,39,2930,3207,29,87125,82295,88,20.4648
189825,161572,99,54466,47253,91,2704,2301,28,4733,4541,42,9304,8317,53,16392,13917,77,344910,311675,112,20.4758
112012,99648,89,39331,33879,85,1298,1286,15,2708,2378,33,6400,5647,44,11784,10518,64,242273,216410,102,20.4758
87341,86275,95,32813,32555,76,1426,1107,9,2032,2151,23,4476,4569,35,8020,7716,49,177754,176839,95,20.4798
163786,133579,95,64651,54230,92,2042,1754,24,3517,2731,38,6975,6382,47,12983,10163,63,262294,218892,110,20.4798
123157,108405,87,48558,41701,86,1499,1236,15,2280,2175,30,5885,5512,43,10064,8580,61,214915,186270,103,20.4808
112614,107725,87,48561,47387,82,1664,1517,18,2653,2754,24,5696,5751,40,10585,9993,61,214694,205413,99,20.4858
130112,124463,89,48748,46706,83,1814,1735,21,2823,2882,29,7574,6832,51,13046,12340,64,264093,240938,101,20.4908
101036,99764,91,31904,31453,79,1257,1157,11,2117,2186,26,4795,5023,35,8043,8094,46,181662,172833,98,20.5048
261054,202923,113,97323,75469,109,4089,3333,37,6621,5974,45,15781,13050,79,27004,22004,98,540410,450713,127,20.5058
102277,98461,84,28872,28442,78,1639,1656,17,2390,2327,27,5455,5155,42,9099,8613,54,202008,193124,97,20.5159
67105,66309,83,18490,18854,55,698,723,0,1278,1200,12,2414,2716,24,4918,4569,39,110742,107080,91,20.5169
124466,117799,86,47199,44336,83,1958,1609,20,3849,2956,37,7267,6842,45,11758,11349,64,258562,242072,101,20.5239
170145,137202,95,54274,42521,93,2454,1842,25,4155,3312,43,9321,7448,54,16226,13177,76,330028,270107,110,20.5309
136889,121144,91,44480,38331,87,1447,1425,16,2535,2620,29,6167,5128,49,11179,9686,62,212177,192533,104,20.5319
69729,68062,78,23915,23851,65,925,1029,3,2015,1861,24,3390,3407,32,5338,5570,44,117251,119680,93,20.5479
90328,88876,79,27018,26350,77,1283,1390,14,2375,1916,29,4935,4579,38,8306,8054,48,187886,178384,95,20.5489
182320,135299,103,65808,48172,99,2592,2067,29,4289,3114,39,10458,7439,59,17041,13232,79,366145,283255,117,20.5599
187577,144508,99,61184,47305,96,2696,2012,27,4114,3297,40,8872,7107,54,15501,11649,75,327480,267192,114,20.5629
302711,243531,124,146909,119294,120,5174,4372,38,9195,7729,54,19256,15583,77,32897,26025,117,642018,533413,138,20.5679
88033,86356,80,29966,29400,78,1409,1163,14,2225,2173,23,4770,4691,37,7448,7120,49,159288,154890,96,20.5739
96611,92684,97,30190,29568,78,1273,1264,11,2162,2037,25,5178,5122,40,7462,7441,44,169554,164071,97,20.5799
54446,52973,89,18679,18725,58,654,546,0,1315,1257,17,2524,2445,27,4355,3944,40,94620,95822,89,20.5869
95648,91994,84,35851,34878,80,1512,1216,12,2365,2124,27,5524,5290,45,9328,8694,48,198850,185241,97,20.5889
96672,94118,92,35265,34745,78,966,1167,8,2209,1963,29,4458,4350,37,7422,7275,46,177301,171279,97,20.5919
90798,86246,82,34577,31879,80,1673,1188,13,2202,2182,26,5746,5702,41,10094,9646,56,239970,226274,98,20.5929
81215,79213,88,29812,29617,76,1016,1080,7,1880,1722,27,3781,3845,32,6851,6028,47,152825,146640,94,20.601
95290,92838,80,27562,27406,76,1845,1994,19,2607,2406,28,4773,4854,36,7523,7065,48,155502,149293,96,20.606
109625,107795,80,60925,59752,80,1668,1534,21,3548,3093,31,5450,5294,42,10028,9891,59,209364,205092,97,20.615
157101,133812,93,70225,60518,91,1870,1661,23,3161,3071,34,6885,5816,50,11020,9634,60,244973,213259,108,20.622
102117,99442,82,28693,27837,79,1448,1376,15,2480,2245,26,5221,5104,38,8406,8034,53,178894,169253,98,20.63
274367,204535,119,115062,88406,119,3994,2725,38,7892,6308,50,16672,13084,73,27584,22051,113,577177,471730,136,20.665
149445,122065,96,50739,41121,89,1878,1523,19,3055,2627,32,6657,5326,50,10701,8706,60,244595,203984,106,20.679
180116,139997,99,65435,51437,93,2443,1993,27,4790,3916,42,8598,7028,60,15495,12145,68,334246,266410,112,20.6921
106184,101014,87,52076,51044,82,1254,1216,13,2622,2587,24,5581,5436,38,10300,9212,56,207857,199808,98,20.7101
126402,119892,84,52393,48902,83,1840,1662,19,3672,3140,39,7420,7077,46,12264,11374,63,270829,254845,101,20.7431
94019,92268,81,29570,29396,77,1057,1269,12,2406,2382,27,5013,4859,39,8820,9251,49,186183,184330,96,20.7441
115071,113128,81,66254,65068,82,1714,1676,21,3417,3468,32,7485,6937,46,14237,13221,65,287025,273296,98,20.7581
132535,117401,88,41321,35073,86,1469,1178,18,2857,2465,30,6324,5186,49,11009,9445,55,222716,201932,103,20.7581
293724,208446,136,119368,82798,123,3942,2877,39,7923,5831,53,15954,11855,73,26801,19628,106,590202,460804,140,20.7812
116446,111733,85,39892,38749,81,1367,1442,15,2583,2696,25,5743,5488,40,10006,9368,54,203800,193179,100,20.7812
59413,60208,75,23554,23387,73,841,1037,4,1273,1183,11,2495,2230,29,4112,3980,34,90237,86163,91,20.7822
53925,55418,74,19480,19428,58,684,673,0,1473,1487,14,2720,2671,29,4640,4619,37,103279,103018,89,20.7842
116500,110908,87,33072,30890,82,1452,1543,16,2752,2441,30,6300,6266,42,12057,11482,59,244075,233340,100,20.8042
170816,131904,98,61930,47867,95,1944,1495,26,4377,3300,43,9222,7047,58,16058,12132,75,336384,259374,113,20.8092
81378,80804,78,31592,31168,77,1002,1090,9,2162,2188,24,4387,4263,35,7377,7691,45,168880,161644,94,20.8102
107978,104434,81,45491,44584,81,2076,1832,21,3241,3177,31,6761,6352,45,12339,12172,64,270926,254833,97,20.8122
163369,128985,100,57359,45878,94,2016,1929,24,4270,3412,41,7949,6346,52,14819,11944,70,319408,251469,112,20.8232
118968,112155,86,48484,46992,83,1713,1401,18,3351,3240,32,6427,5873,45,11203,10771,61,243422,233428,101,20.8292
143683,134096,86,53398,48412,85,2164,2018,23,4233,3744,38,8889,8118,53,15442,13747,71,336438,316627,103,20.8372
146242,118024,93,51454,41791,91,1686,1318,23,3933,3032,35,7626,6274,51,13564,10734,73,285920,237173,108,20.8432
150555,136522,93,70922,64162,89,1829,1802,20,3287,3122,33,6966,6251,51,12537,11287,63,262397,239948,105,20.8432
112541,107849,82,42588,41198,81,1215,1201,13,2089,2245,24,5389,4845,43,8156,7624,52,180584,171785,99,20.8522
134807,128067,90,56330,53247,85,2534,2268,26,4119,4019,33,10310,9694,56,17948,18133,74,356292,332911,102,20.8622
82820,82238,78,33216,32842,77,1244,1094,7,2411,2191,25,5406,5320,42,9694,8966,54,191408,189069,94,20.8713
114326,107018,86,53562,50391,83,1263,1133,12,2598,2532,24,5715,5597,43,9577,8838,53,197287,185945,100,20.8803
84900,83021,83,34772,34076,77,899,1173,8,1835,1816,17,3783,3850,33,7284,7558,45,151133,146186,95,20.8853
185240,159891,100,67145,57212,93,2898,2665,30,5003,4561,42,11462,10084,62,18829,16571,75,403484,359327,110,20.8863
83172,83262,78,35815,35791,77,1092,1126,9,1893,2054,21,4654,4371,38,8121,7914,48,179944,175266,94,20.8863
199004,150448,112,68237,51924,98,2808,1885,28,4526,3458,41,10098,7846,58,17006,12798,81,358310,280723,116,20.8983
96941,96252,83,47709,46362,79,1208,1055,8,2338,2458,23,5135,4923,39,7914,7522,47,167490,163587,96,20.9033
152625,126933,91,56533,46337,90,1921,1798,20,3577,2790,39,7891,6451,55,12639,10088,62,297686,245418,107,20.9083
312341,203968,123,101803,64802,117,3589,2390,37,7268,5014,54,16401,10882,77,29550,20867,105,602794,414023,136,20.9103
122280,108278,88,35976,30817,86,1722,1452,17,2925,2723,35,6451,6062,43,11991,10468,59,232995,212101,103,20.9223
165106,134306,97,66946,55485,92,1533,1658,19,4075,3310,35,7734,6575,53,13745,10754,67,294957,245701,109,20.9233
152443,144000,89,59356,56135,87,2084,1824,25,4910,4082,37,9168,8436,53,16356,14969,77,334759,317462,104,20.9243
42327,44049,59,18169,18179,53,606,577,0,976,940,0,1773,1849,23,3757,3734,32,67990,66100,87,20.9313
94622,90873,92,25325,24824,74,1259,1397,14,2860,2567,32,6016,5842,44,10956,10853,56,234052,225907,97,20.9323
255833,203583,123,88613,71328,105,4796,3897,38,8318,6929,57,18353,14999,79,31348,25071,109,677547,556782,124,20.9343
109216,108180,85,32220,31886,78,1625,1752,18,2274,2487,26,5787,5784,43,11447,10909,55,227697,213193,97,20.9453
178686,143296,96,71633,57095,94,2298,1704,27,3472,2896,38,8375,6992,55,14988,11803,67,296716,243344,111,20.9584
61503,59440,78,23695,23625,73,787,764,0,1034,696,0,2742,2702,27,4083,3912,39,101068,101015,91,20.9684
208243,155238,106,78988,58782,97,2749,2376,28,5473,3788,51,10062,8257,60,19693,15332,81,400711,304577,115,20.9814
82698,80453,92,25450,25392,76,1163,1081,7,2089,2125,24,4525,4416,37,7600,7484,46,164446,154700,94,20.9894
174870,139052,96,63817,50556,93,2093,1637,26,4063,3308,36,8348,6394,52,15048,11471,79,304845,247415,111,20.9944
123479,119255,89,58614,56981,82,1699,1664,19,3051,2798,32,6387,6267,44,10037,9710,51,228629,218438,99,21.0034
204856,163565,101,72016,58067,95,2758,1979,31,4521,3988,43,10133,8539,58,19271,15456,77,397389,333424,113,21.0054
148686,130922,90,58403,51468,88,2237,1893,24,4298,3620,40,8039,7205,52,13963,11766,67,311503,287861,106,21.0114
178145,156584,102,77888,68292,90,3224,2710,32,5599,5178,42,11473,10410,59,19814,17836,79,424837,384611,108,21.0124
107260,104075,83,39351,38226,81,1812,1664,20,2746,2600,29,6287,5645,47,11022,10595,61,205432,197764,99,21.0164
157958,130124,92,59856,48757,91,2175,1871,24,3171,2508,34,7935,6830,48,13375,11105,62,286870,240608,108,21.0184
127781,123610,84,46161,44135,83,1534,1783,19,3482,3051,34,7866,7756,52,13524,12829,67,304694,292322,101,21.0184
156347,146026,96,59293,56507,85,2196,1784,25,4225,4081,36,8193,7953,51,13657,13125,64,319455,295406,104,21.0234
159041,141985,90,49226,42296,89,1827,1953,21,3699,3590,35,8471,7448,56,14605,13259,68,300567,273954,106,21.0284
196338,171664,97,88845,79294,93,3427,3094,32,6537,5793,43,14024,12724,59,23868,21487,88,512083,467588,110,21.0304
155891,124967,94,54789,43820,90,2147,1715,26,3897,3266,39,7513,6303,50,13686,11576,61,302752,248098,107,21.0304
98027,94066,83,27166,26750,78,1005,1398,14,2202,2127,27,5969,5741,41,10406,10130,53,206804,204864,97,21.0404
196886,161832,103,62033,50636,99,2337,2130,26,4596,3768,40,9851,8274,52,16303,14501,67,344931,298958,117,21.0434
181977,143395,98,70426,55855,96,2237,2066,26,4296,3946,38,9692,7907,56,18336,14574,82,363376,286574,114,21.0495
247247,178712,116,75925,53453,113,3473,2552,35,5735,4383,50,13332,9880,65,22895,17566,93,473743,359298,132,21.0515
190256,152355,97,70814,56459,95,2645,1982,30,3965,3383,37,10450,8485,56,19095,14621,78,400050,335152,113,21.0535
112743,102663,88,42409,37657,84,1551,1431,17,2198,2548,26,6517,5820,43,12555,11688,57,246338,225305,100,21.0615
139019,121855,91,48919,43961,86,1640,1674,24,3797,3309,36,7397,6848,44,13098,11801,68,268356,245452,105,21.0635
304170,219224,120,130554,94945,113,4963,3580,38,9119,6930,58,20425,15484,78,34926,26637,114,745352,567830,131,21.0645
112282,107900,83,39182,38489,81,1410,1460,17,4066,3561,38,6131,5992,43,10575,9290,57,218671,209289,99,21.0695
107755,103110,87,39999,39017,81,1404,1346,16,2626,2468,30,6513,6083,44,12300,11648,58,238386,228653,99,21.0735
150951,126387,94,54381,45412,91,1937,1621,23,3563,2818,41,7431,6451,48,12622,11028,65,283688,243268,108,21.0845
132688,112091,88,50458,42110,87,1729,1487,20,3887,2852,42,6460,5466,49,12081,9218,64,248562,202286,104,21.0895
122763,112851,93,46115,41730,85,1772,1660,18,2903,2648,31,6268,5749,45,11703,10956,66,254133,242634,99,21.0905
166126,123917,99,60936,46207,93,2247,1570,31,3873,3015,42,9265,7253,58,16902,12930,69,335233,260990,111,21.0935
84304,81858,87,32778,32092,77,939,1019,4,1444,2088,17,4452,4562,37,7751,7565,45,161840,154575,94,21.0955
116154,112539,84,27559,27382,77,1692,1642,21,3520,2923,32,7505,7023,48,13001,12814,65,283449,271283,99,21.0985
202842,165354,101,56776,43917,97,2654,2255,29,4942,4088,37,11293,9777,58,18844,15780,77,410762,340909,114,21.1065
165538,137016,93,60298,48271,93,2312,1902,24,4910,3984,42,9061,7403,62,15583,12541,79,327540,279801,109,21.1225
225278,162656,114,76994,54682,102,2995,2147,34,5547,4396,47,12063,8998,68,20801,15527,76,446689,327808,121,21.1295
150162,139329,105,75658,72641,87,2050,1988,22,4596,3926,35,8206,7923,49,14178,13194,67,305104,287977,105,21.1426
153957,137745,99,48886,43428,87,2045,2119,23,4634,3947,42,8146,7490,53,14089,12386,74,311530,287919,106,21.1436
81462,80089,86,33061,33063,76,1447,1364,12,2140,2030,23,4844,4553,44,7275,7532,49,153713,149011,94,21.1506
185161,143451,101,73192,56703,95,2254,1692,26,4339,3260,42,8902,6836,56,14859,11884,77,303855,228461,113,21.1506
80865,79248,79,34773,34207,77,819,1120,8,1876,1893,19,3400,3248,31,6145,6203,43,152407,150734,95,21.1546
162802,143729,98,47314,42011,88,2557,2077,30,4063,3672,35,9404,8401,52,16534,14309,73,330672,303939,108,21.1556
220126,165803,103,67959,50832,100,2947,2148,34,5491,4368,44,12251,9661,66,20495,16001,76,451225,365998,119,21.1566
116755,107065,88,36759,33226,84,1345,1191,13,2468,2784,30,6063,5836,42,9970,9181,55,217922,196178,103,21.1626
159270,125736,103,59582,47042,93,1832,1536,16,3123,2595,32,6627,5399,47,11474,9743,58,258283,213781,112,21.1676
170201,131694,98,67751,53201,94,1867,1454,24,3777,2957,41,7306,5656,52,12882,10383,67,265610,211660,112,21.1766
111421,111862,81,23367,23260,62,1809,1720,19,2862,2780,30,6352,6067,42,10266,9836,50,217746,208291,98,21.1766
165512,128762,95,51879,39843,93,2140,1748,26,3486,2816,36,9356,7407,61,16578,13814,71,353461,287627,111,21.1886
135828,120119,88,52322,45576,87,1410,1359,16,2907,2452,33,6191,5019,48,11337,10091,61,238589,203910,103,21.1886
69181,69009,77,30108,30096,74,993,973,0,1490,1616,17,4159,4073,35,7126,6606,45,145771,140341,91,21.1886
69769,69792,82,26269,26273,74,920,711,0,1914,1900,18,3452,3428,31,5742,5972,39,118608,116198,92,21.1896
110505,107776,89,44687,43362,79,1968,1807,21,2764,3267,29,7391,6915,46,12969,13072,57,293794,287525,98,21.2016
105880,101495,83,45256,42804,81,1347,1166,11,3183,2990,36,6369,5949,46,11662,10268,67,247866,234666,98,21.2026
129976,110204,95,41247,34437,86,1563,1300,14,2597,2428,29,6324,5471,44,11490,9777,62,240736,206972,105,21.2056
143481,121469,97,51013,43722,88,2290,1864,25,2880,2635,30,7891,7253,49,13268,11991,62,295825,263745,105,21.2176
100761,99034,82,30191,29739,78,1160,1409,14,1926,2177,23,5518,5149,40,10210,9194,60,193768,186324,97,21.2267
96177,90928,84,32040,31477,79,1214,1128,11,2228,2208,26,4859,4577,39,8444,8545,47,192553,190231,98,21.2277
117019,111273,84,46129,43091,82,1872,2063,21,2637,2572,30,7092,6900,48,12331,12176,56,270103,248363,99,21.2407
192231,156375,98,58437,46744,93,2600,2042,30,4059,3684,38,9088,7391,58,16400,13006,78,338087,288429,111,21.2407
61399,60178,82,21805,21624,58,617,635,0,1296,1428,16,2480,2253,26,4956,4690,38,97573,93153,91,21.2417
201494,153312,102,75393,55060,98,2665,1840,33,5003,3822,43,9840,7950,56,18241,13821,89,382092,294630,115,21.2447
143513,131783,88,64295,59483,86,1484,1312,17,2665,2544,31,6936,6545,46,11624,10811,63,229353,216057,102,21.2477
97926,94114,85,36822,34687,80,1159,1129,9,2066,1964,28,5723,5618,38,10047,9833,56,219743,204708,97,21.2477
211823,177186,109,54541,45088,95,3017,2805,31,5587,4689,41,10648,9474,58,16848,14204,74,363880,327235,112,21.2497
102681,100027,81,47230,46479,80,1508,1454,15,2531,2889,26,5672,5293,43,11364,10516,55,223507,215901,97,21.2527
42678,42317,86,16622,16808,52,462,447,0,1084,1258,9,2103,1896,24,3060,2952,29,74538,74189,86,21.2647
83919,83472,80,28859,28523,76,718,652,0,1740,1996,19,3834,3411,36,6382,5927,40,140358,133855,94,21.2707
51605,52178,74,10973,11315,42,740,882,0,902,947,0,2520,2660,27,5166,4563,40,98208,97736,88,21.2717
183982,168959,95,77037,70408,91,3031,2401,30,4847,4464,39,11152,10206,58,19793,17642,78,420661,387456,107,21.2777
125997,109476,87,42239,36064,85,1656,1188,22,3637,3002,35,6335,5757,47,10449,9058,61,240929,209726,103,21.2837
204787,161117,104,67249,53381,96,2536,1910,29,4558,3907,41,10418,8018,61,17268,13610,79,349789,284819,114,21.2877
103988,102560,83,28392,28009,77,1531,1728,20,2836,3133,26,6531,6468,43,11444,11395,57,225523,219501,96,21.2887
92257,88058,96,29115,28754,78,1021,1026,4,2013,1831,25,4791,4610,38,7615,7390,53,185010,177287,96,21.2897
75407,74051,78,29932,29443,76,851,979,0,1074,1369,15,3740,3775,32,6013,6120,40,138067,135929,93,21.3037
139697,119618,90,54924,47176,89,2129,1877,23,3397,2678,34,7295,6319,53,12408,9951,66,272486,237784,106,21.3047
88239,88154,80,28976,28463,77,1233,1214,13,2687,2391,26,4678,4199,45,9580,9806,50,192703,186162,95,21.3057
87665,84646,89,29559,29544,77,842,924,0,2366,2310,27,5232,5337,38,9152,9407,47,184738,173551,96,21.3158
64297,66709,71,25095,25264,73,1418,1265,11,1515,1386,16,3024,3118,29,5134,5130,37,102352,98833,90,21.3168
175268,145891,104,64674,53479,91,2429,1715,28,4684,3847,44,9607,8399,55,17234,14672,72,362993,308000,109,21.3228
190445,147513,104,87830,70014,97,2701,1927,31,5492,3873,46,9852,8191,59,17214,13829,78,355439,295696,114,21.3338
113556,105873,85,47071,42694,83,1516,1225,16,2864,2606,29,6237,5806,43,10583,9962,56,232309,206611,100,21.3358
217331,159978,105,68032,49806,100,3373,2274,35,6931,5044,51,13358,9800,69,24206,18384,102,495896,369410,120,21.3388
107704,103832,83,31918,30999,81,1119,1145,14,2722,2913,28,6192,5899,42,11334,11019,60,236485,227160,99,21.3428
134013,120663,88,44812,39948,85,2118,1872,23,3757,3752,33,8258,7732,50,16004,14040,73,305645,282593,103,21.3438
240045,191585,110,84065,67383,104,3645,3075,33,7062,5965,52,14764,12011,68,24743,20673,95,516705,443055,122,21.3498
80065,78378,94,32786,32596,76,1018,1053,6,1501,1596,18,4469,4215,39,7058,7318,47,150946,144972,94,21.3578
147595,130736,90,49893,42588,89,1586,1213,17,2948,2572,33,6564,6075,43,10291,9118,52,235581,213228,105,21.3708
149296,120874,92,49839,39662,92,1978,1641,26,3390,3232,33,7369,6160,52,13905,11177,68,297169,243636,108,21.3738
177018,132593,95,61154,45310,95,2263,1665,26,4567,3211,42,9918,6926,58,17390,13299,78,378557,280795,112,21.3748
232495,178213,109,78704,60544,104,3282,2553,31,5100,4321,46,10380,7784,65,16816,12809,73,366635,298384,119,21.3748
156724,141164,91,47534,41623,89,1648,1582,21,3838,3744,31,8591,7797,51,14177,13497,68,308786,281089,109,21.3748
107498,102506,88,40781,39791,79,1144,1456,15,2676,2406,27,5888,5305,43,11311,10848,58,218828,208487,97,21.3898
169893,151600,92,50317,44234,90,2822,2475,25,4511,4208,40,9315,8583,54,17137,15807,75,347077,321685,108,21.3928
203700,158417,104,66627,52163,100,3002,2300,28,4831,3819,42,10436,8767,58,17341,14697,74,384945,318094,119,21.3948
245287,198653,107,124750,103634,103,4079,2914,37,7305,6154,51,16496,14545,74,29794,25674,105,609009,531479,120,21.3958
202752,154620,102,70617,51935,100,2818,2169,30,5217,4017,45,11069,8908,60,19621,15040,78,416487,317889,117,21.3978
133673,130926,84,61749,59638,82,2364,2280,24,3335,3057,35,8047,7507,49,13838,12765,68,281100,265496,100,21.3988
90443,88680,79,34523,33817,79,1260,1326,12,2437,2465,26,4725,4510,40,9666,9151,64,181189,174261,96,21.4089
95326,92577,82,38808,37686,79,1337,1221,13,2834,2321,34,4980,4702,41,8294,8463,50,195039,180507,97,21.4089
109280,106273,86,39542,38345,80,1290,1148,11,2829,2325,29,5305,5079,40,9094,8781,47,199397,194805,98,21.4209
162608,129909,94,62967,49362,93,2058,1746,21,3987,3272,40,8043,6619,52,13592,10918,71,280154,226434,110,21.4239
116984,111651,88,46615,45346,82,1450,1514,17,3094,2830,33,6286,6030,44,9933,9452,51,223509,208571,100,21.4259
101024,99816,83,21745,21281,58,1516,1421,17,2484,2561,27,6135,5798,45,10467,10229,55,254201,243328,97,21.4279
261838,178991,122,87377,58688,120,3094,2005,36,6589,4354,49,14240,9516,77,24878,17290,104,513780,353694,137,21.4279
113991,111855,80,37417,36343,80,1548,1328,14,3196,3102,31,6033,6024,43,10871,10218,59,232291,224546,98,21.4309
169734,139937,95,61979,50321,92,2216,1826,25,4719,3592,40,8710,7484,52,15342,13065,71,317558,267262,109,21.4309
197293,144765,109,74108,54013,100,2568,1862,29,4877,3452,50,9396,6302,59,15291,10809,72,327606,233625,117,21.4309
74184,74087,77,26036,25569,76,862,877,0,1723,1422,28,3413,3295,32,5868,6055,47,124012,122763,94,21.4349
188871,146165,97,70199,53259,94,2745,2063,29,3997,3147,36,10233,7856,63,17515,14257,75,382272,298582,112,21.4389
153252,125676,92,53872,43484,89,1530,1257,15,2772,2430,36,7365,6177,54,11933,10216,64,252604,209505,106,21.4389
63817,62039,78,23503,23318,68,914,953,0,1370,1781,17,3277,3329,29,5769,5315,44,119620,111281,91,21.4479
153287,124786,92,61582,50500,89,2215,1786,21,4372,3144,42,8438,7007,56,15376,12150,75,322440,273072,108,21.4499
174216,151605,103,59258,52242,92,2343,2149,24,4364,3849,38,10200,9413,54,18749,17259,77,370516,335911,111,21.4569
103540,101065,81,39410,38593,80,1671,1522,20,3401,3105,32,6928,6639,42,12633,12500,62,267734,258840,97,21.4579
208244,168663,102,65876,52920,96,2661,2411,28,5249,4993,39,10721,8918,58,18536,14977,78,377431,315890,112,21.4679
161102,139401,89,48534,41550,87,2412,1980,26,3774,3355,41,8469,7012,54,14842,13889,67,297320,263574,103,21.4689
138136,125888,90,56157,51302,85,1805,1611,20,3049,2424,34,7624,7002,43,12324,11266,61,255353,238603,104,21.4689
124526,113853,89,35823,31995,85,1860,1749,19,2880,2619,30,6621,6515,42,10421,9672,60,228248,208821,102,21.4739
92528,91398,79,30527,30098,78,1684,1631,18,2686,2643,30,5752,5883,38,10278,10316,51,229615,223255,96,21.4869
251502,197773,111,104019,81386,109,4319,3319,36,8247,6912,55,16200,13612,74,28391,22664,105,601361,511921,127,21.4869
75659,73957,87,23682,23501,68,698,687,0,2020,1891,20,3155,3294,30,5918,5660,42,115335,111643,92,21.4909
169619,142023,97,61827,53125,92,1694,1851,19,3580,3836,34,7921,6722,50,13479,11395,68,284912,251807,110,21.493
265844,178134,122,92863,64741,112,3885,2703,39,7398,5555,51,16478,11282,75,29300,20674,108,620667,439643,132,21.5
100951,99654,85,42430,41693,81,1578,1702,18,2693,2494,31,5482,5579,39,8834,8434,54,187218,181044,98,21.501
109368,104813,90,32729,31908,80,1764,1362,21,3391,3047,33,6339,6086,41,10782,10523,56,239230,229457,98,21.502
131195,113556,88,47501,40863,85,1922,1415,22,3285,2163,34,7129,5974,48,12805,11787,57,268184,234823,103,21.505
85109,84513,84,36896,36634,76,1062,1069,8,2484,2241,27,4568,4424,36,9041,9153,57,182070,176391,94,21.51
120124,104213,102,34143,29634,84,1297,1253,15,2452,2181,29,6136,5480,43,9768,8743,52,219203,194434,102,21.511
117549,113648,86,32705,32048,81,2079,2023,24,2883,2991,30,7190,6627,47,11598,11179,58,251555,236899,100,21.515
95197,92605,80,35896,35621,79,1463,1209,11,2182,2087,21,5329,5201,39,9371,9638,47,194761,190387,97,21.52
197842,150664,115,64806,49816,101,2902,1980,33,5191,4154,48,10708,8034,62,19650,15092,76,410532,321808,119,21.525
112854,109657,86,45730,44222,80,1686,1899,21,2507,2919,27,6470,6029,43,11213,10290,57,250036,241460,98,21.539
77442,76422,80,27272,26525,77,836,885,0,1867,1542,24,3825,3838,35,6486,6452,52,156450,147694,94,21.546
116554,105070,89,38858,34377,84,1602,1589,20,2605,2489,28,7051,6439,46,11388,10015,63,253772,223750,101,21.552
157803,133179,91,54028,44742,89,2828,2001,31,3629,3212,34,8502,6888,54,14113,11567,65,308712,270618,108,21.56
57352,56957,76,21972,21935,59,557,439,0,1470,1409,15,2503,2361,28,4055,4063,36,82548,81264,89,21.561
173111,133063,108,62551,48961,94,2161,1864,28,3777,2940,39,7850,6501,53,14411,11448,72,311485,245945,112,21.564
85709,82525,94,33647,32757,79,1169,1258,11,2636,2245,28,4529,4123,38,8401,8017,50,170570,168419,96,21.58
199075,147691,120,72143,54406,102,2584,1801,28,4901,3983,43,10106,7592,56,17833,13839,74,373398,280679,120,21.583
125326,113754,95,37769,33240,86,1995,1772,21,3330,3206,33,7530,6747,49,13607,12137,64,285624,267404,103,21.6201
202732,162754,98,88823,70836,97,3150,2495,34,5002,4768,39,12275,9524,66,21090,17910,82,445207,378371,114,21.6201
65532,65613,82,26597,26894,74,915,653,0,1713,1675,16,2896,2551,30,4826,4825,37,108080,102849,92,21.6211
141741,121982,95,48462,39649,89,1830,1402,22,2719,2282,35,7065,5687,50,11050,9507,58,224592,194460,105,21.6271
220168,163315,116,73759,54894,110,2612,2106,26,5037,3935,39,10813,8327,59,18532,14588,77,392749,301236,127,21.6311
163748,138926,94,52388,45991,90,2146,1933,23,4280,3399,42,8132,6794,54,14148,12549,62,309044,264279,109,21.6341
210019,158531,104,73994,55483,100,2896,2263,28,5224,3778,45,11017,8187,60,17456,12838,75,364807,282633,118,21.6441
88667,87261,79,31509,31306,77,1324,1182,12,2026,1991,27,4284,4060,37,8249,7298,56,170619,165914,96,21.6451
144077,128277,93,51124,45364,88,2298,2153,24,3375,3250,33,8040,7163,49,13937,12329,65,293868,265065,105,21.6451
201211,158523,99,58017,45475,96,2699,2299,29,4565,3770,45,9648,7460,57,17387,13657,75,363331,289366,114,21.6481
111683,105912,83,46170,43168,82,1771,1769,19,2995,2681,29,6622,6796,44,12134,10908,61,275094,260564,99,21.6481
113365,105371,86,43911,41017,81,1687,1549,17,2921,2956,31,6088,6052,40,9509,9673,50,202951,191089,99,21.6531
102299,99214,83,32423,31651,81,1694,1476,18,2760,2674,29,6563,5913,43,10673,10030,57,228405,212388,99,21.6601
75127,75821,76,16063,15900,51,958,1048,6,1669,1759,20,3497,3414,31,5818,5869,40,127173,124507,92,21.6661
90354,88362,81,45914,45589,78,1158,1419,13,1893,2168,23,5136,4902,40,9372,9512,52,198142,191337,95,21.6782
177545,145940,94,65718,53607,93,2841,2233,26,4526,3588,38,9111,7258,58,15758,12654,74,352773,294328,110,21.6782
104946,102987,82,53685,53308,79,1632,1276,18,2709,2579,30,6828,6365,44,11401,11352,60,243442,231646,97,21.6792
255257,175221,112,100719,69324,111,3132,2163,35,5596,3814,47,13239,9271,73,21891,15137,87,479583,335021,129,21.6882
143070,113395,98,57705,47115,92,2030,1604,20,4011,2853,43,8259,6390,53,13551,10955,62,277491,221155,109,21.6912
121833,115787,87,38680,37716,81,1627,1753,20,2941,2918,29,5916,5873,42,10528,10085,50,213267,195843,100,21.7002
197945,155023,97,63109,48431,95,2080,1822,24,4832,3290,44,9894,7959,59,16619,13150,75,353382,281296,113,21.7092
114958,109997,85,38014,37179,80,1941,1989,22,3528,3453,34,7457,7245,45,13531,13010,67,281288,262170,99,21.7142
144750,116582,99,55794,45315,91,1832,1422,19,3727,2994,34,7107,5914,49,13715,10985,64,285637,228345,109,21.7172
164457,133827,99,54440,43833,92,2345,2034,27,3856,3548,37,8632,7585,50,17014,13206,83,339344,283140,109,21.7242
219966,160506,103,79097,55490,102,2732,1922,31,4973,3781,42,11240,8125,68,19601,14181,79,421697,305436,119,21.7292
70498,71027,77,21055,20911,63,960,907,0,1774,1694,18,3581,3686,32,6958,6711,45,140382,136507,92,21.7302
304978,190922,126,110088,68086,124,4149,2567,41,7874,5163,54,16987,10502,82,28991,18270,124,610194,395525,142,21.7342
155679,124697,102,58672,46940,91,2012,1504,26,4278,3188,41,8108,6499,51,16200,13604,81,308456,243863,109,21.7382
117001,112475,85,45331,43413,81,1535,1316,16,2711,2154,33,5330,5241,39,10304,9714,57,197731,185758,98,21.7512
256022,192387,109,92713,69786,104,3123,2312,33,5486,4164,48,12700,9571,67,20849,15991,81,455161,363418,120,21.7512
115125,109400,93,40519,39027,81,1681,1696,17,2331,2302,26,5601,5455,41,9899,9575,53,202178,189496,100,21.7653
128088,112129,92,49825,44667,86,1798,1382,20,3514,3092,34,6494,5863,43,11486,10650,62,238363,218669,103,21.7753
298153,245260,123,180329,150989,121,6894,5700,40,12669,10597,62,26846,22884,92,44699,36498,127,952187,784398,138,21.7763
150551,131607,91,46198,38951,89,2174,1609,23,3487,2970,32,7624,6308,49,13054,11753,62,278404,240181,106,21.7823
227613,178106,104,94936,74304,104,3561,3024,34,6358,5096,45,15331,11805,73,29063,23892,108,589360,486096,121,21.7863
280235,219256,136,157896,129004,119,4752,3961,37,8950,7347,55,18410,15438,77,29566,23804,117,630597,527909,136,21.7873
141433,118975,90,49397,41559,88,1487,1157,10,3404,2983,32,5756,4950,43,11373,9803,63,225153,195660,106,21.7913
138542,120433,89,47812,41982,87,1668,1521,17,3489,3366,32,7561,6816,47,13756,12164,69,294556,260162,105,21.8003
103438,100133,83,31853,31476,79,1597,1533,16,3371,2731,35,6301,6153,41,9456,9280,47,209347,201891,98,21.8033
85943,83645,81,27783,27661,76,1318,1371,16,2247,2379,24,4563,4298,39,7433,7576,46,157108,149776,95,21.8033
110533,108644,82,49784,48467,80,1841,1742,18,3211,3397,32,6676,6164,46,11190,10578,66,241545,230049,97,21.8053
175036,136238,95,59840,45379,92,2127,1680,26,3002,2675,36,9123,7328,56,15655,12220,73,356208,278442,110,21.8153
84185,83487,83,22666,22457,64,880,1003,1,1885,1730,19,3998,3869,34,7147,6788,46,139141,130907,95,21.8173
94062,89909,84,36422,35695,80,1105,1070,10,2399,2174,31,4738,4815,36,8655,8676,47,190103,185376,97,21.8293
239125,171623,104,76169,52976,102,2898,1976,35,6085,4473,48,12364,8954,65,22246,17149,83,482036,351280,120,21.8363
76179,76385,78,19674,19821,52,1015,1089,7,1728,1892,18,4554,4449,38,7881,7723,52,177118,171632,93,21.8363
100939,98828,83,40692,39771,80,1018,1382,14,2850,2461,27,5439,5771,39,10468,10139,58,218894,211564,97,21.8493
218607,160215,107,85543,64097,98,3403,2459,32,5024,3677,44,11348,8235,64,20994,15395,84,452948,330587,116,21.8634
79775,78520,80,34752,34289,77,1154,1070,10,1952,1943,18,4614,4491,37,7534,6829,50,168175,163962,95,21.8704
175038,148458,95,63954,54366,92,2232,1686,29,4650,4099,38,10174,8883,57,16826,14166,77,349486,304876,109,21.8704
66419,67084,82,14900,14836,48,1085,995,0,1882,1904,20,4108,4162,35,6866,6789,51,138672,139639,90,21.8724
202866,166552,114,90706,75838,97,3549,2689,34,5730,4818,45,12435,10634,62,19949,17424,75,419365,365752,111,21.8774
119771,113643,89,37243,35604,80,1585,1470,17,2660,2580,30,6670,6597,46,12024,11490,54,243780,231441,99,21.8834
100023,97241,79,47764,46856,79,3152,3153,30,5853,5695,39,13462,13260,75,23839,22315,85,522437,493574,96,21.8834
196037,152039,98,69911,55242,96,2616,1883,28,3928,3127,34,9765,7802,56,17364,13928,77,363084,288214,114,21.8834
111511,106928,88,51727,50248,82,1490,1415,13,2785,2825,30,5880,5713,42,9770,9838,53,205112,192703,99,21.8844
97305,93057,85,42890,41765,80,1106,1300,15,2263,2232,25,5470,5680,39,9345,8948,55,213754,203512,97,21.8854
95746,92849,96,35735,35477,78,1038,1216,13,2100,2056,26,5247,5256,38,9100,8846,47,189578,175863,96,21.8874
137548,119739,91,54849,47697,88,1582,1458,19,2344,2312,28,7390,6321,48,12285,10609,63,268013,240555,105,21.8964
173446,136718,102,63089,51574,96,2389,1663,30,3818,3278,36,9949,7579,60,15272,11795,72,335075,268452,114,21.8984
70101,68313,81,25779,25477,75,1122,1169,9,1507,1623,18,3528,3288,33,6715,6460,44,141614,136358,93,21.9014
186680,141198,97,68202,52096,95,2756,2035,32,4503,3551,41,10049,7459,62,17470,12947,85,370400,283021,113,21.9034
67416,65562,77,24976,25133,67,968,894,0,1480,1649,14,2981,2783,31,4814,5286,34,99523,100510,92,21.9034
95631,94015,84,27746,27137,77,1390,1216,18,2662,2440,27,6722,6476,49,10618,10938,53,233601,223491,97,21.9044
102405,101593,80,32269,31644,78,1096,1201,10,2238,2156,28,4790,4757,40,8879,9013,48,186985,175329,96,21.9054
84023,79225,84,21686,21250,62,1227,1438,13,1866,2213,24,3608,3584,32,6668,5916,43,147700,146793,96,21.9104
190036,140633,103,72280,53846,98,2676,1701,30,3976,2733,45,8210,6337,53,14279,11041,72,316091,237923,116,21.9124
99893,97114,86,39845,38187,81,1816,1857,21,2473,2822,27,6809,6444,46,11980,11771,65,245324,234457,97,21.9154
221111,170400,104,85676,68023,99,3044,2706,31,6167,4661,50,13514,10845,64,24897,20248,102,501550,411814,117,21.9174
120945,107057,89,45102,40597,85,1187,1287,17,3278,2912,31,6455,5933,43,11908,10040,61,257517,234800,102,21.9184
120645,116706,96,45952,44053,82,1738,1438,18,3355,3128,33,7116,6960,45,13401,13254,63,271910,257669,99,21.9314
102603,100356,81,34673,34081,80,2015,1746,19,2725,2741,27,5744,5054,48,11224,10388,61,218209,204224,98,21.9394
217774,182188,102,82881,69083,94,3736,2725,36,5903,5038,45,13107,11925,68,22578,20154,96,482578,420225,113,21.9415
99075,96262,92,32836,32728,78,1451,1400,15,2468,2100,27,6444,6799,40,11579,10703,63,239539,226056,97,21.9525
53165,55128,67,24789,25025,73,550,414,0,906,1235,11,2412,2384,27,3608,3400,36,83565,83262,89,21.9545
154072,130545,102,49935,42334,89,1926,1659,18,3429,2876,32,7314,6200,50,11107,10090,53,244780,205900,107,21.9645
190570,145778,99,71495,55055,96,2381,1659,28,4337,3410,41,8784,6678,54,16128,12583,75,349178,264312,114,21.9645
89282,86735,83,32989,32578,78,1368,1305,14,2818,2504,27,5132,4991,41,8960,8668,50,190237,185791,96,21.9685
56602,55802,76,19445,19480,55,505,534,0,1365,1146,8,2624,2467,28,4202,3997,37,82657,81167,90,21.9825
146844,131001,93,48789,43584,87,2315,1925,27,4022,3510,35,8599,7722,54,14876,13355,70,297101,273760,105,21.9935
129312,123828,88,38835,36869,83,1840,1608,22,3457,3126,37,7891,7574,47,14768,13995,69,304757,292578,101,21.9945
175829,138811,102,68976,53977,95,2518,2095,27,4338,3794,40,10083,7890,62,16526,13456,74,351913,284830,112,21.9995
231712,175312,107,74709,56589,100,3161,2275,32,5359,4120,46,11579,9268,61,20395,15862,78,420691,331406,119,21.9995
167217,139485,95,56839,47096,92,2280,2100,25,3789,3434,35,8643,7193,54,14551,11965,70,327620,286782,110,22.0005
189103,144559,97,62352,48478,94,2157,1823,27,4539,3907,42,8893,7067,57,15621,11748,79,332220,267912,112,22.0005
170885,136715,100,60078,48008,91,1898,1603,24,3394,2516,38,9165,7143,54,14503,11135,78,315497,253552,110,22.0015
290294,215825,130,103704,80004,115,4350,3277,38,8462,6769,60,17908,13619,82,31250,23587,115,673796,532051,134,22.0015
47725,46735,73,17407,17229,53,571,662,0,1365,1085,5,2127,2547,22,4251,4143,35,108680,107381,89,22.0065
178504,138703,96,63701,49916,94,2480,1810,28,4034,3254,41,9397,7019,60,16863,14412,75,359735,295828,113,22.0085
171977,137114,111,63181,50062,94,2459,1965,29,3652,3292,40,8082,6784,54,14317,11516,70,299756,250626,111,22.0155
40774,40766,73,17861,18162,52,385,518,0,996,876,0,1478,1522,18,2872,3063,29,67505,68338,86,22.0195
166288,140990,105,59364,50573,91,2209,2118,21,4139,3341,41,8626,7186,50,14928,12691,74,316572,269777,109,22.0215
156215,133940,93,51030,43903,89,2097,1826,22,3438,2926,34,7774,7007,49,13054,11491,61,282168,246271,108,22.0215
190957,152248,108,74428,57808,97,2757,2324,28,4027,3044,38,9351,7689,58,16808,13340,78,348054,279819,113,22.0295
145580,117924,93,59986,48521,89,1615,1604,17,3744,3181,32,7537,6558,52,13991,11608,73,287139,241832,107,22.0326
85848,83824,82,26231,25645,76,1387,1532,13,2116,2255,26,4857,4866,37,9151,8556,54,194392,191347,95,22.0376
155958,137532,99,55108,48488,88,2625,2083,28,3966,3715,38,8845,7769,53,15861,14389,68,342937,312901,106,22.0406
105834,101899,93,54522,53458,81,1991,1719,21,2943,2724,28,6518,5839,49,11501,10737,62,235312,224812,97,22.0486
124007,109281,86,48236,42036,85,1825,1614,20,3056,2778,34,7535,6589,50,12589,11204,67,269626,242543,103,22.0656
204062,154993,106,70483,54590,103,2985,2189,30,5339,3968,47,10804,8316,58,17845,13462,80,391824,311833,121,22.0706
155402,138857,92,67088,60665,88,2159,1899,25,4278,3563,44,8390,7409,55,12779,11644,61,288002,267662,107,22.0716
157914,138148,91,59717,51044,88,2340,2284,26,3645,3206,39,8297,7444,51,13738,11964,68,308402,272050,106,22.0746
151199,123877,94,48585,39219,90,2124,1822,26,3378,2965,34,7983,6698,54,13668,11074,69,287557,239014,107,22.0796
226383,184301,108,128148,111011,106,4152,3061,37,6906,5344,49,15010,12608,71,23805,21335,82,535929,476368,123,22.0856
208934,179053,101,79621,68328,97,2932,2509,29,5274,4943,38,11550,9882,57,19427,17187,75,396733,359917,114,22.0916
214413,167882,116,76272,59929,99,3555,2838,32,6937,5281,57,13916,10862,67,24284,20609,91,489633,407995,116,22.0936
116266,106750,87,42554,39187,83,1789,1593,21,2693,2398,29,5597,5345,43,10634,9908,55,219338,208009,98,22.0936
146703,124060,107,50135,42006,90,1760,1543,19,2988,2698,34,7127,6413,49,11684,10554,56,250330,218337,107,22.0976
330523,213194,133,138184,97145,130,4634,3048,43,9627,6536,59,19159,12370,79,35017,22420,128,741091,499413,148,22.0976
283163,220967,114,76175,55756,114,4168,2946,37,8099,6432,51,15844,12570,72,29728,23476,116,604318,486179,130,22.1036
92838,89769,81,42035,41569,80,1273,1149,10,2096,2237,25,5379,5111,45,9678,9032,65,204320,190542,96,22.1086
161403,137897,92,61730,52868,91,2133,1728,22,3391,2949,32,8968,7893,55,14871,12760,66,316986,286423,109,22.1166
168616,130863,97,62245,47858,94,2154,1503,26,4137,3116,39,8746,6633,55,15162,11429,75,330569,268546,112,22.1287
98447,95985,82,35332,34414,79,1247,1334,13,2908,2938,28,5537,5319,40,9478,9210,52,201171,191806,96,22.1287
75084,73888,79,33647,33438,76,693,654,0,2228,1450,24,4092,4397,34,6305,6179,44,153925,147685,93,22.1317
156577,125666,98,59385,47732,92,2154,1667,25,3713,3306,40,7814,6771,50,12066,10324,59,298267,242902,109,22.1317
125617,122058,82,30966,29736,79,2113,1629,19,3364,2867,32,7913,7600,48,13340,12857,64,268791,258674,100,22.1357
132752,115934,91,45255,40593,86,1802,1382,19,3021,2933,31,6728,6513,42,11844,11077,59,248792,231704,105,22.1437
125998,119802,86,50690,48977,83,2414,2002,27,4015,3455,36,8294,7825,48,14965,14793,68,303449,286855,100,22.1517
131668,112157,90,48870,42551,87,1621,1329,17,3433,2644,36,6683,5513,50,10583,9325,59,240994,205647,105,22.1517
124613,111226,94,48837,43522,85,1674,1440,19,2967,2818,32,6971,6069,47,12022,11113,59,256588,235954,103,22.1527
201955,149785,106,80133,60712,100,2275,1891,26,4733,3448,42,10261,7238,63,18546,13518,82,369666,279354,118,22.1597
132653,114426,90,38711,33252,86,1288,1155,12,3356,2950,37,6217,5261,45,11517,9911,68,233476,212765,102,22.1597
164410,132563,102,58145,46934,93,1954,1587,22,3307,3351,33,8024,6497,54,12288,9574,71,266556,212678,111,22.1647
114418,110221,97,47496,46115,80,1494,1432,19,3287,3150,31,6374,6366,46,11980,11162,62,254904,246587,99,22.1657
170371,135584,97,58898,46425,92,2242,1791,26,3886,3136,39,8221,6984,51,12497,10246,65,273621,222719,110,22.1747
248829,194993,106,94085,75162,105,3583,2639,36,7885,6828,54,15390,12799,78,26942,23816,98,558242,468193,121,22.1927
129272,113454,91,35632,30940,84,1615,1280,21,3609,3020,37,6171,5769,44,11600,10979,61,248004,228011,103,22.2007
108808,105629,81,43130,42910,80,1582,1524,22,2431,2295,28,5864,5874,41,9599,9885,54,220759,206816,97,22.2017
111035,107470,93,31454,30260,80,1439,1378,19,2961,2738,26,6708,6765,44,12675,11796,65,254796,245269,99,22.2027
115080,112430,82,44135,42950,81,1499,1401,15,3332,2686,33,5638,5433,41,10517,9595,53,224855,216745,99,22.2138
110289,108245,90,41615,40980,79,1582,1699,20,2783,2576,31,5271,4717,43,8394,8255,50,180891,176750,97,22.2328
119464,100334,99,40651,34694,87,1635,1382,16,2615,2354,29,6353,5306,45,10656,9115,59,238664,200277,105,22.2328
114798,104985,86,48390,44658,83,1569,1359,14,2764,2418,27,6149,5680,48,10421,9868,56,212883,195444,100,22.2438
181739,143439,99,64689,51192,93,2458,1871,29,4246,3476,43,10027,8144,59,18810,15152,80,379805,309067,112,22.2448
102609,95798,96,32387,31111,81,1138,1153,11,1857,1884,24,5465,4769,43,9352,8950,53,199788,191684,99,22.2518
121262,117168,84,46067,44401,82,2076,2172,23,3539,3757,33,7424,7204,43,13439,12868,69,265902,249610,100,22.2548
104269,99284,86,26970,26480,79,1667,1558,19,2660,2749,29,4935,4896,39,9245,8806,47,207440,189887,98,22.2648
240107,190026,106,81272,65522,102,3498,2895,33,5840,4766,50,13369,10608,66,23187,18352,99,480730,400974,121,22.2648
108843,106266,82,29500,28930,79,1813,1571,21,3218,3022,30,6265,6130,42,11747,10567,65,255722,244198,98,22.2718
103691,100194,86,43083,42181,79,1342,1488,18,2093,2390,23,5484,5242,39,10269,10167,52,198647,191424,97,22.2738
98332,98337,79,44189,43865,79,1219,1171,11,2205,2217,25,5372,5029,42,9034,9127,55,207216,205806,96,22.2748
73549,72034,78,26564,26386,75,479,723,0,1912,1997,20,3025,3186,29,6306,5957,46,126801,121112,93,22.2808
177885,140356,96,66694,52032,94,2123,2033,24,4481,3199,41,9386,7263,55,17177,13937,77,361411,284838,112,22.2828
152496,139705,89,68296,63505,87,2464,2298,25,4660,4231,39,8722,7916,53,14962,14760,61,322212,302204,105,22.3008
111674,109043,84,35843,35097,80,1641,1376,20,3222,3161,29,6089,5896,43,10431,10036,53,244357,236002,98,22.3099
257896,175013,113,79163,53065,108,3785,2344,40,6101,4448,48,12615,8722,66,20306,14298,79,431575,298467,126,22.3099
146616,124084,94,52513,44158,89,1662,1638,20,2756,2106,30,6594,5410,47,11186,10064,58,231679,198789,107,22.3189
147383,132979,87,65440,58964,85,2085,1896,23,3724,3410,32,7361,6962,44,11772,10580,60,250660,231570,103,22.3199
195068,146923,104,70321,54667,96,2228,1674,28,4249,3228,40,9482,7519,55,15688,12016,75,336827,255634,113,22.3219
102616,99954,85,38393,37265,80,1207,1264,13,2109,2220,26,5282,5087,39,9557,9611,49,203696,196364,98,22.3239
111565,110023,82,37832,37200,79,1700,1468,20,2936,2741,29,5949,5879,40,9986,9783,54,209378,199141,98,22.3269
245995,202462,104,130158,109062,100,4380,3854,37,8223,6742,58,16355,14145,70,29423,25088,103,626664,537912,118,22.3369
191652,154418,99,63021,50597,95,2236,1876,26,4846,4124,44,9588,8077,54,16155,13911,67,341811,287874,113,22.3489
102244,98713,87,39093,37944,81,1221,1185,9,2623,2459,25,5369,5424,41,9931,9488,54,212394,206237,98,22.3509
251565,201749,99,98125,75558,100,4216,3407,34,7474,6023,50,15988,13469,74,27995,22399,102,571481,475207,117,22.3599
128452,113743,88,43288,38318,85,1734,1388,17,3465,3558,32,6397,6371,44,12093,11106,60,250177,231469,103,22.3619
158224,144044,98,53696,48755,86,2048,1856,25,4237,4073,37,7827,7295,48,14362,13382,71,304298,282521,105,22.3629
115715,111897,84,39915,38665,80,1443,1480,16,3281,3189,30,6500,6185,46,10316,8993,53,210193,196637,99,22.3689
73133,72520,78,34061,33338,76,1221,1498,14,2306,2358,25,3925,3837,33,7300,7365,45,141210,138172,93,22.3759
141851,133894,90,55976,52597,87,2213,2160,23,3960,3483,35,8349,8091,48,14349,13924,68,287158,269693,104,22.3769
170101,140757,94,65647,55614,91,2298,1827,26,3557,2985,38,8405,7060,54,13737,11558,72,311428,268033,109,22.3799
203202,149698,104,81484,60538,101,2659,1877,32,4892,3591,48,8836,6637,56,16588,11387,76,357480,260660,120,22.393
149506,136511,102,70263,64366,88,1786,1583,21,5006,4097,41,9081,7807,51,15603,14689,70,316333,287797,105,22.394
71421,71605,77,15692,15639,50,1156,1146,10,1383,1560,16,3928,3873,34,7884,8619,45,157122,149847,92,22.403
325503,212191,141,130646,85198,133,4441,2945,40,9282,6530,63,19526,13328,79,31074,21765,123,723804,501090,152,22.405
143056,117981,93,56055,46916,91,1994,1642,24,3046,2655,33,7133,5890,50,12878,11201,59,282810,244787,109,22.41
128244,123261,87,42556,40681,84,2241,2247,23,4167,3892,33,9509,8999,54,16864,15884,74,347882,327507,102,22.419
96937,95961,82,30489,30243,78,1185,1371,14,2255,2166,24,5204,5290,39,10438,10459,56,213692,209371,97,22.425
213376,158958,104,86143,64146,99,2333,1850,26,5112,4027,46,10747,8132,56,19871,15125,94,385851,291516,117,22.432
170011,127623,102,68691,52477,96,2531,1772,30,4172,3067,43,7787,5940,55,15809,12355,81,323001,241003,114,22.432
116485,111582,88,50809,49751,82,1557,1487,18,3242,3255,32,7502,7147,47,13413,12574,62,277369,266409,100,22.438
79286,79112,77,28253,27543,77,1340,1241,15,2001,2105,20,4492,4318,37,8145,7705,48,159597,153570,94,22.439
84278,81933,84,33746,33059,78,1016,937,0,1592,1787,21,4048,4252,33,6869,6336,44,162257,159536,96,22.443
138023,122595,92,50542,44971,85,1775,1245,14,2810,2451,33,6482,5804,46,10393,8792,65,234819,212724,104,22.445
82486,80164,81,23724,23321,73,1052,1084,7,1393,1624,16,4536,4379,38,8047,8395,45,164199,161519,95,22.449
84645,85206,78,23093,23131,67,1448,1404,16,1762,1721,20,4268,4230,35,7575,7594,47,154891,150734,93,22.449
160414,130899,97,60707,49811,92,2016,1827,25,3615,3227,36,7657,6406,48,13190,10458,78,307332,255868,110,22.456
103043,99487,85,42018,41079,81,1021,1166,9,2866,2591,28,5285,5023,40,9843,9385,55,205752,196441,98,22.457
88332,87369,83,28730,28850,76,1181,1194,13,1911,2072,22,4610,4232,38,7846,8156,45,172699,168569,94,22.461
151452,126919,98,58202,48733,91,1939,1747,24,4132,3148,39,8307,7331,51,14534,12307,71,298065,255667,109,22.476
178383,143744,100,51618,41075,93,2637,1985,32,4034,3825,39,10625,8187,59,17203,14410,71,376573,301369,113,22.477
202173,152574,101,80420,60578,98,2699,2085,31,5201,3975,45,12969,9755,69,21143,15868,92,489713,380685,116,22.4851
105689,103261,84,28172,27934,78,1214,1325,13,2350,2073,26,5105,4808,39,8606,7758,51,189467,182350,98,22.4971
232602,182896,103,96654,77271,98,3627,2755,34,6014,4554,49,12481,10720,61,21305,17047,82,450890,376166,116,22.4971
80533,81163,80,22963,22862,67,1391,1193,13,1809,1801,24,5267,5147,38,9580,10084,50,194246,186005,94,22.5021
113677,111248,83,39487,38171,80,1903,1918,22,3247,3619,29,7200,6706,47,12878,12861,59,277717,270871,98,22.5061
104831,101910,83,36869,35642,80,1442,1060,7,2420,2453,28,4825,4523,39,8148,7674,50,168430,161663,98,22.5131
55443,54623,78,18364,18547,53,700,724,0,940,1064,8,2800,2640,28,4632,4593,38,96208,96639,90,22.5151
95692,96208,80,25869,25285,77,1482,1341,14,2641,2467,31,5473,5518,38,10295,10033,48,204702,198429,95,22.5191
175681,156285,91,62953,54732,91,2566,2202,26,4651,4159,41,8845,7866,49,14705,13679,69,323311,294208,107,22.5221
165723,147526,96,47944,41032,91,2497,1995,23,4623,4417,38,9966,9074,58,16642,15042,67,339570,314428,108,22.5251
214264,162376,102,83007,65514,99,2785,2032,31,4839,3823,43,10486,8273,61,16651,13028,73,357408,276832,117,22.5251
153681,127772,103,46252,39330,89,1662,1562,17,3700,3094,36,7364,6599,51,12397,10212,63,275043,242122,108,22.5261
122255,117501,95,53616,51844,84,1708,1828,19,3184,2912,32,6169,5759,44,11314,10892,60,235564,222804,101,22.5281
259352,190292,113,93504,68559,109,3754,2582,37,6186,4631,46,13134,9932,66,21783,16194,90,461015,348912,128,22.5311
127686,112545,97,50607,45406,86,2015,1539,22,3630,3065,36,7426,6871,51,12665,11069,61,272037,250633,103,22.5361
91190,90874,84,37309,36952,77,1288,1290,14,2144,2211,25,4874,4717,37,7406,7619,44,153107,145084,94,22.5371
174832,147082,97,50448,42449,91,2501,1974,26,5150,4445,41,8993,8101,53,16284,14544,77,335601,293601,109,22.5401
199520,140894,118,70709,50829,100,2368,1865,26,3817,3112,42,10159,7497,60,17054,12459,77,345523,252269,118,22.5421
162134,131339,109,51993,41509,92,2167,1733,25,3946,3402,37,8860,6991,61,14653,11909,70,315293,258501,109,22.5471
93825,92309,82,38501,38100,78,1002,1092,8,2528,2331,30,5011,5086,38,8136,7930,52,193368,186255,96,22.5481
84406,79912,86,33153,32084,78,973,970,0,1952,2283,22,4542,4333,37,8206,7685,49,178761,173528,96,22.5511
218558,194725,98,109403,98741,96,3511,3368,30,5768,5202,44,14402,13102,72,22628,19546,99,476309,427489,113,22.5601
160200,131734,101,52042,42891,91,1821,1534,23,3772,3277,35,8177,6606,52,15548,13595,68,314635,272258,108,22.5631
136206,115385,97,48472,40897,89,2129,1612,27,3200,2792,33,7079,5934,47,12809,11811,60,263636,231744,106,22.5681
113041,109492,86,53622,52604,82,1421,1424,17,2910,3149,29,6334,6489,42,11503,10700,66,230758,217930,99,22.5772
174070,140063,97,58010,45337,94,2253,1873,24,3865,2836,45,9011,7289,56,16910,14087,71,358088,288663,111,22.5862
100873,99793,80,37852,36916,79,1592,1282,18,2211,2407,28,5373,4974,41,8484,8638,48,180618,172438,96,22.5962
157443,136169,94,61098,53972,89,1964,1848,22,4322,3442,37,8584,7897,50,15834,13880,72,339660,306415,107,22.6112
149774,118505,103,58097,47116,90,1756,1540,19,3199,2956,34,6962,5339,59,13308,10995,68,273056,206945,108,22.6112
88176,88067,79,20844,20689,58,910,914,0,2269,2045,25,5063,4826,40,8279,8164,45,184574,182103,95,22.6122
144837,122852,106,40478,33611,89,1554,1119,10,2953,2729,31,6439,5531,45,11567,8929,70,241452,206213,106,22.6132
87623,84896,81,31247,30476,77,1323,1497,16,2135,1928,24,4146,3733,36,7482,6608,49,158817,153951,95,22.6202
151659,121620,91,60032,48672,91,1615,1136,19,4054,3129,39,7432,6190,51,13554,10446,67,296620,238411,108,22.6232
125529,113091,91,47270,42260,86,1554,1299,15,3174,2831,33,7316,7040,49,14159,12088,68,279306,252908,103,22.6242
130724,114069,95,47547,41067,88,1521,1474,20,3144,2872,32,7291,6336,51,12687,10984,63,271396,240399,104,22.6362
174298,142352,99,68816,56564,92,1536,1462,21,4564,4051,43,8137,6818,51,14338,12454,67,315545,258605,111,22.6372
164145,133984,95,62147,49525,94,2186,1846,27,4561,3470,42,8728,6996,56,15654,12032,70,338982,277119,111,22.6372
154097,131238,95,51061,42576,90,2308,2105,23,3599,3352,37,9076,7769,55,15424,12910,66,334698,298322,108,22.6472
202113,166566,99,70998,57270,93,2882,2430,28,5670,4580,44,11489,9681,64,20703,18295,93,426544,373774,111,22.6532
96943,92955,84,31233,30870,78,1095,1095,8,2013,1819,23,5150,4664,43,8551,8085,52,182851,175447,97,22.6532
120616,117081,84,46601,45522,81,1397,1509,17,3225,2834,31,6297,6017,43,10645,10077,51,223852,210688,99,22.6663
218496,174278,99,65385,52150,97,2498,1707,30,5141,4179,48,10143,7893,59,19167,14604,88,386562,311191,115,22.6673
64501,64102,80,23958,23978,69,595,614,0,1378,1547,16,2831,2653,31,4842,4748,37,111238,108607,91,22.6823
220465,168195,114,72691,55693,101,2602,2231,31,5031,3866,43,10399,7967,56,18132,14809,77,383497,307326,120,22.6873
86189,85275,80,39129,38817,77,1401,1387,13,1998,1985,21,4789,4678,40,8835,8676,50,183265,174664,94,22.7093
131941,117432,105,42262,35814,105,1954,1686,22,3077,3215,31,6969,6446,44,12275,11076,72,261265,232013,105,22.7093
112197,109756,81,40863,39961,80,1818,1749,20,3077,2926,31,6747,6644,44,12087,11850,58,254848,237710,98,22.7123
135092,130095,87,54170,51924,84,2034,1909,20,4071,3582,34,7282,7052,46,12439,11990,63,272411,258696,101,22.7133
219279,171009,102,69988,53241,96,2890,2343,30,5939,4794,46,11888,9183,64,21826,17203,97,463645,362863,115,22.7213
195277,163084,94,61952,52282,91,2289,1839,25,5408,4322,45,10414,8959,57,17371,14497,78,367412,315840,110,22.7453
76412,75714,78,30558,30533,76,1083,1050,6,1653,2139,21,3841,3737,34,7074,6835,44,165096,163968,94,22.7574
159463,143757,91,53708,47735,89,2195,2031,24,4265,3280,37,7434,6860,46,13278,11768,61,270601,249192,106,22.7624
125313,118967,89,50620,47439,85,1540,1283,16,3230,2888,33,7115,7242,42,12944,12391,65,268305,258494,101,22.7704
197559,148736,102,79637,62226,98,2679,1697,32,4527,3323,43,9835,7584,58,16262,12649,67,366019,284605,117,22.7704
143201,120428,93,54141,45774,89,2037,1655,23,3330,3143,34,8018,6896,54,15364,12786,75,294993,254018,107,22.7734
112354,105480,83,35000,32121,81,1683,1738,20,3449,3034,34,5943,5741,43,10274,10000,55,227538,213644,100,22.7754
123582,115160,91,63988,59352,86,1467,1460,17,2711,2578,27,6367,5885,45,9616,9463,53,224383,210190,103,22.7784
187007,150651,96,70469,58020,95,2613,1939,29,3872,2940,46,9216,7321,62,14799,12120,69,324842,270793,113,22.7854
100439,98527,84,43805,42927,79,1001,1215,9,2521,2366,26,5594,5208,42,10607,10658,62,222297,212707,97,22.7874
109718,108355,81,39870,39231,79,1676,1495,18,2884,2710,31,6129,5853,42,10022,9059,60,212174,199835,97,22.7924
100292,97611,80,37247,36084,79,1382,1426,15,2348,2249,25,4998,4687,38,8330,8121,57,173885,166763,97,22.8024
138495,124231,89,53175,46948,87,1693,1425,17,3637,3231,33,7789,6860,51,14179,12730,68,293086,268575,104,22.8044
148407,125823,95,49481,41683,89,2078,2036,22,3933,3062,38,7421,6590,51,12749,11261,62,264926,228989,107,22.8104
128142,115304,88,40858,35954,86,1331,1401,16,3260,2975,33,6522,5991,46,11180,10248,63,241351,216078,103,22.8104
174697,151083,93,55059,48123,89,2305,2030,23,4335,3800,37,8675,7965,49,14285,12362,69,308393,281681,108,22.8124
117706,113822,83,61084,59441,82,1634,1454,20,3067,3240,30,6883,6714,44,12476,11813,58,261243,245400,99,22.8144
130757,119937,88,43951,40254,86,1544,1403,19,2674,2349,32,6062,5517,44,10145,8776,55,213839,196515,104,22.8204
99306,95295,97,29842,29181,78,1202,1103,9,1861,1623,21,4686,4430,39,8587,7990,58,179225,169653,97,22.8204
186009,149236,99,67008,53425,96,2685,1957,31,4353,3642,39,9023,7332,54,16678,13691,69,347271,283736,114,22.8224
89594,86716,86,30518,29949,78,1173,1214,13,1777,1797,23,4639,4239,38,7463,6761,49,164032,157930,96,22.8254
120850,116673,88,52913,51291,81,1465,1400,19,3543,3188,35,6844,6806,43,11798,11152,61,263208,246668,99,22.8354
173325,147204,95,61487,52232,93,2670,2056,28,4167,3952,36,10380,9247,55,19551,17195,87,412193,361841,111,22.8364
208040,160939,106,75573,58112,98,3136,2269,32,5661,4242,43,11415,9533,64,20104,16622,74,417425,339624,116,22.8364
48812,48601,82,16676,17193,49,270,415,0,984,898,0,2485,2658,27,4033,4139,35,85426,86248,88,22.8374
98301,96649,85,29328,28804,77,1267,1135,12,1841,2033,23,5079,4879,39,9322,8581,52,200712,189037,96,22.8415
149286,125988,94,53645,44793,90,1906,1667,22,3853,3293,38,8445,7342,53,14866,13212,72,319484,275199,107,22.8425
114210,113576,81,35363,34065,79,1363,1313,17,3243,2788,34,7502,7449,44,12752,13149,64,262557,245402,98,22.8495
73511,73916,77,30027,29586,76,1064,776,0,1790,1890,22,3272,3247,31,5010,5131,38,116440,117147,92,22.8515
185826,142940,96,59677,44525,96,2554,2103,30,4712,3949,43,9361,7116,55,18505,13712,79,371133,282611,113,22.8515
159177,152377,87,57220,55110,85,2397,2204,25,4825,4566,40,9773,9236,52,16811,15194,70,360620,340231,103,22.8555
168776,131842,111,59308,46057,94,2193,1982,26,4407,3094,43,8698,7055,51,16658,13540,75,353061,284673,111,22.8595
87719,86257,82,32720,32386,77,662,837,0,2226,2210,22,4924,4780,38,8452,8523,45,183742,174496,96,22.8595
103215,101144,87,36141,35374,78,1056,1087,10,2870,2571,28,5139,4773,40,9402,8688,56,193520,181455,97,22.8705
190171,158797,96,109786,94513,94,3925,3438,33,7066,6377,48,16277,14480,72,29132,25476,95,590368,527812,110,22.8775
66127,65564,78,24042,23910,70,670,645,0,1271,1134,9,3268,3207,33,5396,5650,39,121066,121809,92,22.8805
116051,98557,102,44788,38322,86,1617,1207,12,2637,2396,29,5945,5102,42,10611,9508,52,232808,201910,102,22.8805
126939,115369,90,33866,31248,83,1958,1652,23,3709,3379,33,8313,8328,48,15150,13959,76,330019,310652,103,22.8845
130035,113022,89,52036,44792,88,1599,1355,17,3043,2464,32,6580,5355,47,10594,8915,63,242611,207204,104,22.8865
123646,117427,91,52261,51028,81,1292,1426,17,3536,2981,32,7051,6941,43,12883,12046,64,271399,257159,99,22.8905
105700,102282,85,39214,38078,79,1516,1476,16,3281,2944,30,7082,6598,44,11820,11858,63,259692,245545,97,22.9065
70281,71496,77,27131,26415,76,648,929,0,1865,1886,24,3966,3831,36,7081,7016,47,139654,134319,92,22.9075
77886,77662,80,38647,38150,77,1116,1046,6,1561,1581,15,4147,3925,37,7780,7810,51,160407,155901,94,22.9105
125466,112089,87,51566,45729,85,1743,1510,21,3544,3262,32,6563,6232,45,12518,10979,67,273306,252492,102,22.9105
82840,82995,79,33797,33874,77,591,791,0,1588,1482,21,4376,4361,38,6955,6955,45,164040,158529,95,22.9185
87272,83427,95,30570,30158,77,1116,1008,3,2118,1940,23,3814,3795,33,7280,6618,48,144418,138323,95,22.9185
107672,105088,89,38279,37748,80,1750,1939,21,3322,3248,31,7186,7172,45,12291,12124,59,267259,258633,98,22.9205
162563,151912,90,43770,41364,86,2496,2225,25,3591,3279,34,8952,7994,51,16602,14851,72,330228,304673,105,22.9205
85282,82868,85,23046,22547,64,1124,1138,9,2131,2233,24,4380,4168,38,9447,9117,56,184953,177079,96,22.9296
116603,112259,84,51615,48888,84,1927,1762,22,3395,3256,34,7504,7030,47,12751,11648,68,273789,261639,100,22.9296
100430,98368,80,22484,22717,68,1430,1557,15,2949,2610,31,6072,5586,46,10250,9430,57,217901,207471,96,22.9306
81720,80403,83,31318,30764,77,1107,843,0,2144,2209,27,4612,4519,37,8853,8561,55,191926,188478,95,22.9316
107145,104121,87,40237,39131,81,1518,1325,14,2396,2468,27,5318,5107,39,8277,7807,53,169538,159895,99,22.9426
60333,61516,74,19603,19387,56,844,735,0,1743,1457,19,3659,3494,33,6520,6392,42,130387,128836,90,22.9436
131544,109885,93,43209,35007,89,1980,1838,23,2971,2599,32,7802,6310,53,12347,10528,62,272391,233479,106,22.9516
111238,108323,82,48936,48055,80,1638,1677,19,2878,3037,30,6920,6707,44,11614,10727,66,246876,231222,98,22.9546
134161,116110,90,51880,44474,86,2028,1520,22,3755,3405,33,6960,5675,46,12102,10319,71,248840,216380,104,22.9576
183809,146729,97,48328,39164,91,2241,1600,26,4077,3622,37,9234,7315,57,15052,12793,66,320621,260666,112,22.9586
117763,112260,91,37183,35338,82,1622,1863,18,3312,3207,35,8846,8641,47,15527,14152,71,322306,303959,100,22.9606
56587,59201,72,17560,17920,51,648,798,0,1040,1114,10,2425,2288,27,3945,3854,34,89838,88625,89,22.9606
109507,104136,96,34723,32992,82,1851,1567,19,3261,3276,31,6197,6039,40,10109,9879,49,213781,203119,99,22.9606
108346,103194,85,48977,47348,81,1862,1849,20,3144,3143,33,5471,5115,41,10748,10884,57,219611,206539,99,22.9636
104189,100898,82,35565,34375,80,1216,1140,11,2323,2369,26,5815,5651,40,9221,8418,55,218562,208055,99,22.9686
172363,135286,98,58851,46271,94,2463,1936,28,3886,2685,39,9114,7646,57,17165,13343,80,351560,279396,113,22.9736
250420,175709,120,89962,61818,112,3120,2352,32,6261,4980,49,11508,8840,64,21158,16132,83,462201,348031,129,22.9746
110709,105240,84,41259,39244,81,1425,1536,14,2880,2940,29,5779,5676,41,10894,10167,57,233103,219185,99,22.9976
149626,132099,90,56651,48819,90,1900,1631,24,3935,3549,40,7086,6074,49,11932,9917,62,263806,237617,107,22.9976
107852,101642,86,48102,46846,81,1995,1630,20,3625,3056,35,7516,7073,46,12221,12244,64,271321,252838,99,23.0086
197114,153262,103,65491,49512,99,2191,1551,25,4018,3387,40,9322,7455,54,14363,10903,74,311866,249144,116,23.0116
171015,144274,100,58030,49680,91,2134,1776,27,3787,3656,35,9207,8036,55,15160,12529,70,319814,287230,110,23.0146
218057,172998,107,72463,57798,99,2771,2327,29,5547,3962,48,11506,8979,69,18094,14122,84,398416,320528,117,23.0156
119382,116328,84,40961,39783,81,1652,1407,17,3336,2876,32,6189,5925,47,10398,9265,63,207766,195490,99,23.0207
139904,124053,89,47012,40383,85,1622,1577,21,3243,3123,31,6802,6353,44,11727,10313,69,251933,231457,103,23.0257
76934,76386,79,29363,29788,74,1107,1285,12,1523,1603,19,3582,3695,34,5833,5962,38,121730,120048,94,23.0257
151888,129724,95,62275,53395,89,2008,1657,24,3454,2880,33,7273,5895,53,11998,10852,60,258328,225655,106,23.0267
225194,166560,106,78035,56779,102,3107,2153,32,5566,4078,47,12529,9469,65,18914,14188,80,431426,326871,121,23.0287
101969,99688,82,39316,38431,79,1574,1403,21,1934,2161,23,5465,5020,40,9516,9248,56,192257,183204,97,23.0287
150370,127712,93,58080,48625,90,2260,1941,27,3585,3015,35,8241,6600,55,15002,12761,75,312606,267920,106,23.0317
111428,106074,84,41633,40090,81,1361,1478,14,2567,2708,28,6320,6274,45,12209,11964,62,238195,224837,100,23.0387
100504,97849,80,27282,27055,77,1344,1259,14,2613,2341,25,5800,5826,40,10075,10479,52,217272,203887,96,23.0467
104717,102559,85,32729,32026,79,2053,1857,23,3145,2828,33,6708,6575,46,11857,11729,56,255445,239562,98,23.0507
144316,122681,89,57021,47202,90,2409,1943,27,3441,2463,43,7902,6640,51,13167,10795,63,295371,256826,106,23.0547
178105,150832,94,66077,54943,91,1727,1553,22,3618,3476,36,8785,7633,53,16344,14143,67,331013,286698,109,23.0607
173125,134566,97,54585,42177,93,2271,1683,28,3972,3279,42,8070,6432,53,13280,11035,64,298537,232518,111,23.0627
100362,98210,85,31288,31319,78,1783,1766,21,3382,3337,30,6996,6943,46,11796,11881,54,261104,250846,97,23.0777
102807,100142,87,35988,35223,78,1136,1336,13,2473,2520,28,5492,5075,40,9407,9344,50,207401,198316,97,23.0807
172085,143621,94,69340,58330,91,2439,1844,31,4925,3815,43,10246,8431,59,17566,15246,73,406363,343310,109,23.0807
126668,123999,85,48778,47456,81,1855,1638,20,3525,3250,32,6531,5965,45,12668,11584,62,263910,249126,100,23.0927
187129,142100,102,74704,57188,96,2376,1767,29,4185,3270,42,9613,7535,57,17688,13527,68,370871,280238,114,23.1098
118587,108151,86,41005,36646,85,1250,999,0,2791,2496,32,5015,4879,39,8821,7627,57,190658,173388,101,23.1148
157885,128948,95,57212,46081,92,2053,1828,21,3640,3164,39,7520,5955,52,13438,10812,60,265685,222894,109,23.1178
177567,140367,104,71267,56305,95,2770,1981,29,3482,3179,35,8870,7021,58,16354,12972,78,351069,282161,112,23.1328
186273,143358,100,65105,50483,98,2231,1927,24,3808,3424,43,8873,7148,54,15591,12671,86,340686,270591,116,23.1358
163198,137174,94,64441,54360,92,2221,1629,24,3819,2678,42,7709,6379,52,13294,10474,63,289956,249831,110,23.1428
170025,141742,95,58579,48204,93,1784,1713,20,4789,3990,39,8729,7443,50,15934,13980,71,313254,268622,111,23.1438
166628,129442,105,66636,52055,93,2130,1452,28,4154,3566,38,8860,6971,55,16069,12646,73,319628,253805,112,23.1528
135634,119789,97,53687,48151,87,2013,1893,22,4104,3784,38,8507,7998,52,14270,13049,72,286276,264430,104,23.1568
150306,127389,97,58651,50160,90,1814,1555,19,3694,2776,40,7356,6258,49,12473,10402,64,281457,238224,107,23.1578
113472,109755,91,32887,31926,79,1452,1255,18,3306,2980,31,6319,6161,43,11951,11442,59,226666,218171,98,23.1638
137160,110030,96,56902,46107,91,2302,1762,26,2883,2439,34,6745,5949,50,12187,10194,61,277127,227996,109,23.1638
179512,146938,98,64755,54291,92,2337,1901,25,3738,2902,40,8738,7088,59,15369,12224,74,298789,248724,109,23.1658
171885,142651,98,58414,47254,95,2164,1838,23,4473,3853,38,9394,8248,50,16824,14246,73,340081,292113,111,23.1768
148622,124469,90,52160,42644,88,2140,1525,26,3687,3366,33,7298,6424,47,13511,11492,70,296764,253655,106,23.1788
157610,129416,94,57813,46690,91,1933,1523,23,3493,3343,36,7970,6812,51,14037,12552,59,288298,240534,108,23.1838
144564,124090,89,47966,40175,88,1606,1474,17,3578,3088,40,7401,6070,54,14856,12167,79,293184,245516,105,23.1838
187342,167819,96,107239,99354,92,3842,3694,32,7328,6229,50,14131,12973,67,25657,23341,94,502879,455723,109,23.1968
275965,217212,118,163993,135438,116,6867,5986,43,12223,10103,64,26663,22397,116,44081,36253,118,929774,759140,134,23.2129
102629,99070,85,37359,37031,79,1147,1059,7,2692,2600,29,5913,5808,46,9394,9281,49,213660,205198,98,23.2129
168641,132189,98,62938,49358,94,2463,1694,30,3632,2909,38,8093,6222,54,15228,12372,74,316782,252349,112,23.2149
97099,94526,89,32182,31697,79,916,956,0,1982,2049,21,4907,4724,38,8743,7781,54,189382,178231,97,23.2199
198811,165267,113,80142,66096,98,2667,2037,27,4945,4444,36,10321,8637,57,18393,14605,79,373771,316566,116,23.2279
167263,140285,110,56957,47566,90,1923,1556,17,3261,3386,35,7612,6465,48,12308,9877,60,274104,231157,110,23.2289
115748,106912,87,32739,28952,84,1616,1612,16,3045,2813,31,6534,6041,47,12798,11572,61,259222,238356,101,23.2339
132906,121534,85,48054,43413,85,1887,1608,25,3789,2975,37,6735,6252,45,13143,12369,68,261737,242984,102,23.2379
144182,124699,92,42340,35542,88,1863,1653,23,3901,3575,33,8201,7592,47,13917,11751,67,292043,261234,106,23.2389
129635,123386,87,79439,76463,86,2307,2444,25,4436,3967,37,8759,8701,53,15448,15251,65,342547,319202,101,23.2439
157599,126229,98,49604,39004,90,2136,1540,24,3545,3090,38,8537,7112,62,14390,11813,71,309866,252723,109,23.2439
212691,153798,101,75944,53817,100,2850,2077,30,5231,3590,44,11397,8690,66,19152,14021,84,415270,307755,118,23.2549
128483,123796,85,53221,51842,82,1875,1893,20,3228,3082,33,7405,6805,45,14311,13444,62,279225,265568,100,23.2549
93534,83858,86,40416,36152,83,1343,1299,13,2359,2260,26,4948,4645,39,8942,8385,58,206605,181450,100,23.2569
223147,154006,105,78965,53738,103,2513,1964,30,4911,3076,47,10526,7302,60,17800,12653,82,383740,269605,120,23.2599
77019,76286,77,30110,29961,76,1206,1039,4,1428,1661,18,3883,3910,35,6686,6991,37,125107,120463,93,23.2599
118184,103995,90,41148,35982,84,1224,1071,9,2729,2459,32,6074,5868,43,11370,9669,63,235569,216623,103,23.2619
91931,88402,87,25532,25152,70,1575,1582,16,2808,2611,27,4825,4882,36,8137,7813,48,170181,166350,96,23.2679
114344,107803,88,47016,43926,82,1519,1437,18,2957,2828,30,7144,6738,46,11739,11252,62,252793,238777,100,23.2689
234048,176636,106,97983,74289,104,2854,2149,33,5545,4579,41,12418,9515,64,20999,16020,82,468642,367567,121,23.2739
82198,81106,80,34159,33403,77,1164,1237,11,1867,1769,21,5107,4933,40,8431,8186,47,175591,170753,94,23.2809
323424,199818,135,120928,74725,132,4589,2833,45,8702,5836,60,19170,12209,85,34023,21149,133,703167,445981,149,23.293
86518,84359,81,30437,30090,77,1303,977,0,2320,2195,27,4146,4104,36,7603,7528,46,165033,155828,95,23.301
250187,178160,110,84417,60101,105,3447,2610,35,5892,4638,49,12467,9378,64,22799,16472,95,493076,374261,125,23.306
96126,95318,79,23455,23126,67,1202,1110,10,1958,2482,26,4961,4909,38,7144,6991,44,169944,161435,97,23.308
220552,170363,106,81640,63414,99,2395,1985,27,4588,3927,40,10362,8315,63,15659,12038,67,347721,272694,118,23.312
162003,146486,91,67855,61517,88,2310,2022,25,4396,4131,37,8841,8243,51,15317,14294,65,331919,312089,106,23.314
118147,115573,83,54739,53298,81,1886,2206,20,3923,3662,36,6814,6969,41,13020,12548,65,257732,250211,98,23.315
93646,91755,84,41486,41292,79,1183,1039,5,2044,1724,24,4282,3749,37,7250,7058,46,176242,172146,96,23.32
175805,143596,102,65629,53653,94,2360,2055,27,4648,3676,40,8428,6913,49,13913,12026,72,294842,249368,110,23.32
218686,184921,96,99091,82840,96,4098,3593,33,6769,5960,49,15320,13408,69,25131,21039,95,598143,514747,113,23.34
81119,79184,81,31449,30903,77,946,983,0,1765,1644,22,3921,3689,34,6476,6452,43,128020,123709,95,23.345
129245,112784,89,33510,27305,87,1604,1478,19,3468,2617,36,6108,5385,46,11616,10182,64,229005,203498,104,23.346
199652,152610,100,70374,53620,96,2261,1701,30,3808,3468,38,9066,6825,55,14606,12015,68,328085,256425,115,23.346
270529,188375,116,110075,75876,109,3380,2603,37,6468,4856,45,13850,10119,66,24116,16635,96,493734,359015,127,23.348
72909,72572,79,26682,26395,76,1153,1105,9,1520,1594,17,3065,3096,29,5586,5263,38,115451,110517,93,23.356
159849,150827,87,57241,54772,86,2342,2115,24,4800,4627,41,9466,8593,56,16244,15051,68,348097,317342,104,23.359
78563,76403,82,29436,28976,76,1173,964,0,2119,1710,25,3548,3325,34,5680,5541,40,128304,121246,94,23.364
162065,148442,94,66751,61077,89,2285,2018,24,4745,3951,38,9767,8733,55,16516,15000,71,351910,324086,107,23.369
101941,97417,89,44845,43930,80,1606,1354,15,2813,3146,25,5921,5216,41,10006,9781,54,220214,210102,98,23.369
157712,128621,98,45954,37266,90,2319,1668,27,3313,3040,36,7835,6706,49,13335,11357,62,303085,253217,110,23.375
56636,57045,74,23670,23241,67,310,468,0,1486,1258,13,2867,2886,29,4573,4586,34,121667,118148,90,23.3801
229821,188477,99,92825,75427,97,3633,2973,37,7489,6273,49,16046,13912,75,27067,23390,88,565205,494255,114,23.3811
103384,100362,82,37014,35965,79,1363,1359,15,2561,2309,28,4693,4578,39,8643,7826,54,180263,172083,98,23.4011
110119,108493,85,50643,49600,82,1604,1383,19,2911,2806,30,6649,6691,44,13106,12290,71,262142,247598,99,23.4021
103573,101722,81,31142,30342,79,1733,1668,20,3218,3123,30,6460,6091,44,11154,10181,61,246412,233568,98,23.4051
187917,146642,95,53323,42057,93,2576,1978,31,4930,4145,42,10562,8552,57,19352,14939,82,422675,340188,111,23.4101
187489,148455,100,59416,46398,95,2256,1694,29,4131,3400,40,9650,7480,59,17953,14425,75,375247,309687,113,23.4161
106789,100107,100,43858,41526,82,1674,1762,17,3052,2846,29,6355,6586,41,13026,11981,73,259975,248768,100,23.4231
120416,116660,85,49659,47605,83,1899,1871,22,3173,2861,32,6961,6436,47,11827,11017,66,244630,236589,99,23.4471
108498,99004,100,32928,29083,84,1513,1494,19,2848,2591,31,5414,5066,41,10657,9048,63,210898,194968,100,23.4501
146641,123337,99,41734,34006,90,2275,1986,24,3796,3611,35,8948,7665,54,15248,14318,68,320705,280031,108,23.4571
195532,149069,98,73037,57040,97,3088,2300,33,4952,3999,43,11638,9446,64,20838,16520,84,435879,345305,115,23.4702
55888,57726,75,19439,19894,52,646,651,0,1035,1094,7,2736,2481,29,4570,4161,42,101483,99469,89,23.4702
121981,117526,93,57790,55948,82,1810,1854,19,3620,3381,32,7651,7512,48,12543,12256,67,268129,260804,99,23.4782
124216,111955,86,45785,40575,84,2145,1952,25,3481,3194,35,7860,7183,48,13656,12676,70,288071,264279,102,23.4852
121796,117695,85,51700,50539,81,1979,1537,20,2777,2925,25,6358,6017,42,10722,9798,54,223120,209786,99,23.4852
190720,164288,102,77822,67178,93,2996,2572,32,4834,4624,42,10642,9485,55,18745,16998,84,380418,346976,111,23.4912
107587,101781,87,48246,45803,81,1278,1208,13,2602,2547,27,6229,5921,43,10123,9656,53,208092,201720,99,23.5022
98187,96885,82,34706,34082,78,1480,1363,16,2554,2434,27,4891,4833,36,9359,9631,52,198129,192975,96,23.5032
90990,89155,79,24776,24507,70,1181,1246,14,2417,2058,29,4973,5194,38,9215,8775,51,195365,187788,95,23.5072
83073,83708,79,24621,24160,76,972,1100,6,1648,1580,21,4269,4286,35,6590,6406,41,137318,130460,94,23.5132
109578,107904,80,39615,38914,80,1747,1369,17,2462,2171,23,5862,5463,43,9362,8759,51,202360,193349,98,23.5192
115118,93384,90,45465,37425,88,1412,1021,5,2644,2230,30,5617,4609,45,11155,8916,70,209461,169218,105,23.5252
157779,134312,93,59721,50700,91,1948,1726,24,3821,3279,37,9016,8343,52,15811,13089,77,331594,291058,109,23.5272
76358,77339,78,18772,18566,56,1167,1083,6,2054,1859,23,3756,4057,34,6687,6802,45,148157,142776,94,23.5422
136704,121282,93,40127,35642,86,1735,1622,20,3848,3517,39,8857,8055,54,14634,12968,70,312245,287945,105,23.5422
192711,162645,98,71022,60773,93,2483,2050,28,4670,3920,41,10593,9324,57,16967,14735,73,376684,325966,112,23.5502
150395,126862,95,51596,42955,90,1723,1478,21,3057,2651,33,6682,5406,48,12046,9727,68,264496,224231,108,23.5552
81768,80794,79,32619,32268,77,946,873,0,1848,1758,24,4352,4282,36,7601,7149,51,153077,143711,94,23.5673
80701,80359,81,29432,29506,76,1141,984,0,1324,1144,11,3361,3201,33,6288,6198,41,133879,131113,94,23.5693
191575,143943,101,62818,47307,96,2452,2032,26,4453,3455,42,11085,8574,67,18400,13915,84,379529,294528,113,23.5743
40781,42859,56,18044,18180,55,611,539,0,587,805,0,2048,2369,24,2998,2577,35,63635,62755,86,23.5753
246882,200850,113,75655,62778,105,4467,3448,37,7583,6345,50,15368,13144,75,26368,22505,109,544489,478610,125,23.5833
142015,119999,90,53195,44633,89,1565,1055,13,3240,2533,36,6445,5935,44,12935,11348,59,260816,231294,107,23.5843
183762,152254,97,56429,46380,94,2125,1751,23,3774,3510,40,8442,6775,53,14779,12212,82,321372,276635,113,23.5843
81673,81251,81,34629,34756,76,1154,1085,8,1634,1436,17,3997,3959,34,7861,8427,47,159092,157060,94,23.5863
150791,129424,91,57182,48528,89,2391,1965,25,3269,2803,34,8338,6993,51,14667,13189,68,308919,259990,106,23.5943
185913,150419,97,60735,48886,94,2347,2022,27,4153,3220,46,9580,7705,59,14907,11322,68,341259,285417,111,23.6003
174636,157469,92,60466,52417,90,2484,2223,27,4406,3844,39,9862,9084,51,17674,16569,71,345348,314881,107,23.6093
129960,111365,93,47458,40125,87,1587,1546,15,3241,2706,38,7564,6412,52,13023,11141,69,275204,236968,104,23.6123
74930,73023,81,27101,27227,76,896,817,0,1832,1951,21,4031,4163,34,6981,7324,45,149614,147333,94,23.6193
68748,69310,78,24073,23844,69,994,860,0,1720,1404,17,3978,3930,36,6430,6185,43,148451,144377,91,23.6193
120788,103590,90,50506,43813,86,1841,1357,19,3051,2532,35,6419,5592,45,11780,10388,58,247265,215556,104,23.6433
52703,52734,73,22069,21959,60,387,377,0,1243,979,0,2381,2032,26,3760,4005,32,89363,86983,89,23.6524
222869,170279,110,125218,101191,109,4484,3768,37,6964,6262,48,15944,13301,71,29397,23794,109,611393,507201,126,23.6554
89996,86409,84,36106,34996,79,1287,1269,12,2489,2131,26,4747,4718,36,8033,7706,47,158993,155272,96,23.6574
90653,88053,84,38832,38279,79,1205,1280,13,2430,2335,27,5250,5040,40,9817,9569,51,200442,193385,96,23.6594
179834,135650,99,61794,45751,96,2286,1878,29,4569,3216,42,9654,7236,59,17871,12928,87,381182,293287,114,23.6644
55168,56584,73,22943,23763,53,758,808,0,1575,1402,15,3259,3183,32,5214,5324,41,116621,113310,89,23.6684
83468,81575,81,30931,30887,75,984,1186,11,1666,1789,22,4222,4283,35,7731,7627,48,156795,155267,94,23.6714
113825,108718,86,31901,31287,81,1534,1416,16,2511,2657,26,6140,6111,41,11349,10563,59,252236,236454,100,23.6754
86740,83373,84,27896,27517,77,1291,1104,6,2266,2021,25,4494,4318,38,8060,7556,51,158612,150718,96,23.6784
110554,106151,86,39701,38291,81,1514,1564,16,3172,2513,31,5200,5235,36,9564,8984,54,192843,185740,99,23.6864
213592,174787,106,79172,66526,100,3081,2318,30,5778,4456,49,12179,10622,61,21019,18186,78,415438,359493,118,23.6884
105645,97302,85,43834,40748,82,1433,1158,13,3247,2701,33,5647,5379,42,9425,8965,52,215525,201479,99,23.6904
111731,107500,84,45722,44043,81,1191,1051,8,2114,2260,27,5390,5111,41,9617,9372,51,206640,197165,99,23.6934
122901,116861,89,49492,46492,84,2312,1771,27,3107,3108,31,7492,7153,47,14784,13621,74,285502,274335,101,23.7004
256773,215534,110,136887,113792,106,3860,3286,36,7592,6816,47,16545,14283,68,29406,25728,107,609160,546480,124,23.7004
99156,95520,86,28180,26760,77,1202,1152,8,2774,2438,29,5434,5476,40,10514,10385,59,206075,202973,97,23.7024
97591,95014,91,32554,31607,78,1211,1319,15,2422,2116,31,5748,5790,38,10476,9612,64,202010,192921,96,23.7084
255896,180126,123,92697,65252,119,3152,2302,37,5691,4173,48,13673,10028,72,23146,17450,83,502594,368696,138,23.7114
172722,134941,99,57978,45556,91,2281,1626,29,4574,3551,44,10589,8569,56,17199,13446,77,376349,301501,110,23.7174
89380,86179,83,25752,25551,73,1009,1181,11,1794,1675,19,4558,4606,36,6955,7387,41,156890,149284,97,23.7184
133339,115097,97,43839,37508,87,1686,1566,19,3549,2920,37,6702,5535,44,11405,10116,55,241983,210947,105,23.7244
92466,90579,82,51531,51580,78,1368,1372,12,1589,1804,18,4473,4383,36,6414,6335,48,171677,168482,95,23.7254
198813,151663,99,62412,48305,95,2368,1874,29,4433,3081,42,10809,8308,57,19419,14742,80,406993,317482,115,23.7395
95535,92511,88,13803,13849,47,1226,1302,11,2366,2341,25,4689,4690,38,10176,10190,56,202165,197648,96,23.7395
163097,134782,97,57899,48137,91,2386,2033,26,4642,3100,45,9043,7618,54,15381,12718,78,337916,288525,110,23.7475
94407,94968,78,25139,24794,77,1389,1375,16,2629,2702,27,6158,5791,42,10581,10269,54,221792,209958,96,23.7495
108257,103790,88,51139,50130,82,1054,1118,11,3013,3162,29,5234,5242,40,8691,8097,52,181106,174042,99,23.7525
85155,81952,94,31006,30286,76,993,920,0,1476,1783,20,3940,3597,34,6493,5840,48,147099,141244,95,23.7555
222924,172175,102,89529,67927,98,3774,2794,37,6601,5361,46,14011,11257,64,21901,17347,83,471944,392141,115,23.7555
85489,85380,78,32391,32001,76,1126,1048,5,1579,1475,19,4896,4747,38,8043,7745,54,187124,181341,94,23.7595
131642,110337,91,49889,41378,88,1876,1675,22,2732,2912,30,6316,5259,45,12209,9949,69,252612,213766,106,23.7695
175683,133211,112,59805,46298,94,2195,1571,27,4594,3690,42,9828,7105,64,15487,12227,74,352540,255399,112,23.7705
104298,100700,83,30801,29661,79,1623,1951,17,2755,2710,31,6672,6424,44,12377,12251,62,261831,252411,98,23.7795
136611,115050,91,48100,39869,88,1694,1405,16,3474,3127,35,7092,6379,49,12235,10103,63,272063,241743,106,23.7835
108435,105616,84,39561,39126,80,1523,1488,18,2293,2479,25,6173,6262,42,10081,9902,56,226043,218154,98,23.7965
111748,109189,81,30639,29603,80,1850,1768,20,2755,3014,30,6899,6248,47,11302,9894,58,227735,217808,97,23.7965
187232,144635,101,70816,56122,97,2671,2266,27,3958,3720,38,10314,8192,60,18879,14767,85,388674,301221,115,23.8115
131909,124944,87,41412,39659,85,1918,1702,21,3140,2940,32,7801,7205,53,13377,13103,65,273535,252909,103,23.8225
171332,131322,104,57723,44612,96,2208,1671,27,3909,3821,36,8452,6183,54,14618,12076,67,330020,264942,114,23.8316
89210,86994,82,34872,34403,77,1052,1058,7,1785,1924,20,3761,3755,34,7755,6722,55,155025,152051,96,23.8316
93769,92295,83,28851,28569,76,1240,1212,12,2488,2586,26,5327,5501,40,8931,8919,55,188634,178936,95,23.8386
108169,103742,83,36112,35062,80,1606,1516,16,3072,3150,28,5285,5256,39,9471,9541,57,199306,185179,99,23.8386
98786,93510,84,34352,33079,80,1813,1723,20,3037,2555,30,5433,4952,42,10162,9160,58,214470,202870,97,23.8416
117538,112436,86,39356,37866,81,1887,1439,21,2557,2889,28,6986,6407,42,12977,12533,67,271889,254662,99,23.8416
167751,128518,97,59738,45490,92,2241,1655,22,3695,2886,39,9324,6860,60,14988,11337,78,312437,244649,109,23.8496
184984,159882,92,58898,49186,91,2495,2275,24,4425,4096,39,9601,8174,56,16855,14744,71,351402,310304,108,23.8516
161876,129269,94,60338,46927,92,2357,1702,29,4185,3499,49,8327,6600,54,16222,13093,76,330697,260796,109,23.8536
115499,104047,92,40813,36365,84,1841,1872,20,2875,2707,28,6346,5992,43,11066,10329,61,247876,226901,100,23.8566
112444,101526,89,33718,28997,84,1514,1319,18,2846,2450,31,5854,4889,45,10787,9384,57,213846,186271,101,23.8746
177325,154005,94,76196,66930,91,2907,2175,31,5102,4373,40,11509,10345,62,19396,17044,71,402340,365787,109,23.8766
171931,138274,96,59784,48734,93,2147,1755,24,3804,3385,38,8615,6909,56,14544,11463,77,309957,253606,111,23.8776
47594,50548,64,16475,16966,48,672,534,0,1209,1212,11,2190,2313,25,4321,4801,32,86956,87277,87,23.8776
128942,112602,90,40687,34498,88,1766,1522,21,3733,2738,38,7050,6163,46,11355,9968,59,260887,232293,106,23.8876
64006,63493,77,26472,26430,75,900,762,0,1409,1816,17,2972,2948,29,5461,5461,40,114899,114066,92,23.8916
172972,143609,95,62969,52129,92,2470,2081,26,4481,3736,38,10369,8801,58,17262,15531,72,375015,320568,110,23.8976
98472,96822,82,26933,26410,77,1444,1322,15,2678,2665,29,5998,5835,43,10684,10074,63,238197,222455,97,23.8986
159869,138436,92,56095,46511,89,1627,1768,21,3822,3408,40,8711,7685,50,14221,12533,66,316267,284831,106,23.9086
172506,128849,99,65690,49930,96,1854,1508,23,4164,3018,41,8747,6836,56,14951,11050,74,324558,248055,113,23.9167
53252,53486,76,19782,20279,56,689,665,0,1234,1234,13,2391,2795,24,4148,4232,34,80146,74458,89,23.9167
166831,135258,95,59223,47370,94,2361,1861,28,3552,3257,35,8855,7593,56,16164,13583,72,327338,268860,111,23.9187
140562,122766,90,43146,35849,87,1892,1564,19,2524,2442,28,7445,6503,51,13597,11467,65,272588,236288,106,23.9267
115373,110710,98,35084,34345,80,1810,1863,19,3485,2918,33,6957,6751,42,11357,10896,55,252812,249765,99,23.9337
251469,185957,108,96572,68646,107,3753,2622,37,6835,5043,50,14790,11002,66,25112,19608,91,527170,420575,125,23.9397
107992,106437,82,40733,39611,79,1388,1296,16,2640,2774,28,5311,5328,38,9795,9595,52,190396,182756,98,23.9397
139359,119775,93,53720,45803,89,1426,1488,15,2947,2589,31,6257,5565,44,11830,10061,58,251294,220795,106,23.9477
113753,107520,89,36976,35956,81,1797,1612,21,3017,3344,30,6424,6241,46,11685,11326,60,255220,249694,98,23.9507
196720,147785,102,76153,58692,99,2378,2109,26,4299,3398,39,9962,7599,56,16163,12556,81,333103,261259,115,23.9537
212080,173038,107,72972,60624,101,2669,2068,30,5276,4405,47,11859,9924,60,19911,17544,77,421137,361540,119,23.9587
108203,106479,82,62849,62261,82,1515,1633,16,3033,2976,29,5666,5251,43,9886,8983,59,214830,207250,98,23.9707
80255,77506,89,24292,24107,73,750,873,0,2184,1780,26,4506,4241,37,7593,7946,47,155174,153066,94,23.9817
137821,113177,95,51904,42358,91,1527,1318,17,2670,2266,28,5880,4747,46,10282,8330,59,225986,182585,106,23.9837
145579,137774,90,58483,56325,85,2201,2341,23,4516,4168,40,9693,9219,54,16527,16256,70,359442,337947,104,23.9877
215971,166070,107,79317,62275,100,2825,2296,30,5377,4006,42,11003,8814,56,19346,14299,94,423946,339712,117,23.9967
72000,71054,83,35875,35759,76,736,966,0,1498,1431,13,3679,3875,34,6854,7021,41,143449,138976,92,23.9977
151461,124129,107,56847,47428,91,1788,1368,19,3541,3080,35,7064,5622,49,12785,11072,61,271376,231015,108,24.0057
231262,191446,101,105710,88332,99,4011,3309,33,6354,5658,42,13960,12370,67,22850,19499,93,498460,441469,115,24.0158
91320,64651,93,277025,196360,98,490,363,0,4863,3234,47,961,555,0,766,472,0,865,866,0,24.0178
99470,97191,81,20777,20374,59,1500,1330,17,2262,2337,27,5539,5327,41,9774,9138,55,222305,211187,97,24.0238
143575,135760,87,57320,54609,84,2367,1990,27,4477,4269,39,8526,8802,46,14418,13605,64,308047,294880,103,24.0328
164090,138896,92,51936,43991,89,1891,1854,23,4014,3417,37,9151,8351,49,16879,14489,75,351114,308250,108,24.0388
88770,86440,83,30239,29481,78,1371,1161,11,1647,1887,25,4125,4125,34,7429,7262,53,148198,147074,96,24.0408
129285,111574,91,44181,37784,86,2014,1275,21,2805,2601,28,5506,4908,41,9114,8013,48,210418,186525,105,24.0418
199622,165118,100,88709,73911,95,3445,2852,33,6867,5824,47,13286,11895,63,22752,19775,94,469740,412354,110,24.0428
110227,104247,86,59820,58054,81,1105,1131,10,3031,2510,30,5649,5298,44,9397,8795,55,197411,190675,96,24.0468
146705,112184,94,55356,42468,92,1849,1471,19,2891,2344,35,7761,6040,52,13263,10091,70,276779,216671,110,24.0488
142121,117973,92,61528,52072,90,2002,1842,24,3508,3030,34,7652,6419,49,14086,11904,78,298838,250753,107,24.0698
100297,96492,97,43152,42015,79,1290,1381,12,2180,1900,25,5624,5522,40,9516,9851,47,190414,182120,97,24.0738
112027,109519,84,30169,29636,80,1866,1890,20,2881,2559,29,5423,5232,38,9557,9386,55,207355,200000,98,24.0768
105265,102380,89,27373,26083,79,1394,1263,12,3113,3033,28,6286,6225,42,10952,10800,59,229850,223281,97,24.0808
132303,114981,93,38427,32710,87,1784,1372,21,3369,3063,33,7371,6197,54,13388,12145,65,267605,236016,104,24.0908
188248,151375,107,54840,42606,97,3132,2621,27,4103,4061,39,10865,8704,60,20187,16611,84,414984,343265,115,24.0969
75415,73937,78,25773,25816,75,1076,1174,10,1490,1913,18,3450,3411,33,5294,5213,41,110946,106829,93,24.1029
135384,120502,88,53451,47352,87,1965,1420,22,3259,3061,36,7054,6102,52,11357,9809,57,246931,230611,102,24.1159
94731,92388,83,30844,30712,80,1558,1314,20,2080,2333,21,6434,5739,46,10924,10469,56,232472,219531,98,24.1329
177763,137494,100,65018,49980,95,2463,1779,28,4432,3209,41,8571,6958,56,15552,12608,68,333893,268274,112,24.1539
189243,142679,99,67329,50514,95,2482,1774,27,4777,3528,43,10572,7575,62,18587,13054,91,379363,287987,113,24.1559
150635,133033,96,56063,50404,87,1768,1495,20,4245,3680,40,7644,6585,50,13746,13137,64,281904,268518,105,24.1589
57593,58486,78,26370,26019,74,960,917,0,1201,1160,10,2527,2100,29,4630,4369,38,111884,109359,90,24.1799
140198,122556,88,46243,39349,86,1501,1760,18,3174,2951,34,7133,6083,50,12517,11582,58,264830,231493,104,24.187
155945,125514,96,54953,44004,91,2206,1520,26,3240,2619,40,7404,5839,52,12175,10115,60,264518,214187,109,24.196
171928,131911,101,62058,49066,96,2337,1652,27,4230,3211,41,8998,7294,53,16089,12169,70,344206,277724,114,24.199
137573,110456,92,52545,41673,90,1670,1346,18,2773,2400,31,5712,4842,44,11036,9182,59,224116,172677,107,24.211
247702,193789,117,99846,77903,105,4824,3953,37,8215,6567,49,17672,14011,70,31429,24998,108,665968,532992,123,24.211
107576,103160,96,34609,34259,79,1646,1441,14,2670,2916,33,6169,6129,40,11286,10793,55,225785,216020,98,24.212
81163,78936,90,36901,36418,78,1078,1111,8,1377,1569,16,4094,4058,34,6954,7025,44,150780,142773,95,24.216
176568,135684,102,61374,47963,94,2064,1648,26,4420,3149,46,8332,6697,51,14670,11470,78,315752,245394,112,24.231
92531,89135,82,43439,43050,79,1121,1161,10,2850,2766,27,4902,4886,36,9541,9023,51,195613,184852,96,24.236
107005,102352,83,34056,32884,80,1371,1204,15,2962,2873,32,5725,5693,42,10455,10351,62,210339,206829,98,24.237
91825,90610,79,31936,31672,77,1547,1336,15,2496,1864,28,5720,5549,41,8822,8951,56,195035,185396,95,24.238
103463,103104,80,51292,50296,80,1765,1521,18,2256,2467,27,6661,6699,45,12670,11234,74,261938,253005,97,24.24
165997,131744,94,59829,47385,92,2216,1792,27,4468,3815,40,9750,7647,61,16615,13223,72,358066,291106,110,24.244
153447,113616,103,62605,46225,93,1962,1257,23,3879,2639,42,8243,6012,54,14585,10706,79,302557,223896,110,24.245
85475,83573,79,31537,31104,77,1288,836,0,1789,1982,23,5428,5631,40,8693,8439,50,192070,183852,95,24.25
118719,113677,86,42979,41503,81,1872,1682,21,2792,2415,29,6450,5909,47,12796,12150,61,259826,244119,99,24.264
154809,125844,93,56831,45642,90,2366,1836,25,3524,2816,36,7987,6563,52,15204,11850,71,327034,274289,108,24.269
110493,105304,87,39855,38919,83,1492,1636,18,3246,2949,34,6289,6288,41,10797,10487,54,241974,234964,101,24.2901
235403,168646,110,85512,60173,106,2907,2266,34,4678,3353,46,11248,8420,61,19909,14892,93,410310,299279,124,24.2901
148551,128727,90,52324,44960,89,1823,1661,20,3618,3154,36,8294,7369,56,14293,11943,74,296478,271096,106,24.2921
155197,126378,100,58967,48226,89,2001,1473,25,3655,3176,36,8355,6852,50,15399,12494,72,320782,269968,106,24.2951
105935,101647,82,55799,53497,82,2023,1733,21,2623,2691,30,6769,6474,43,10306,10125,57,228643,220535,98,24.2981
217481,159569,108,94366,69666,100,3370,2517,35,7728,6520,54,16011,12149,70,26641,20568,98,582536,448463,117,24.2991
112674,98136,87,42762,38105,84,1518,1168,10,2688,2559,27,6151,5133,47,9962,8351,54,203726,180449,102,24.3131
150881,132341,98,56236,49522,89,2468,2130,27,3427,3250,37,7768,7220,50,13382,12700,62,281833,258314,107,24.3151
79452,77821,83,32864,32682,77,1137,972,0,1515,1710,19,3919,3660,35,7719,7685,51,153210,146895,95,24.3181
125773,116313,96,57907,54472,83,1952,1594,22,4019,3423,37,7166,6590,45,13326,13144,66,267930,251116,101,24.3201
249851,183826,111,78992,58239,110,3597,2274,38,5337,4076,44,12685,9557,63,20745,15765,87,428880,321207,128,24.3211
105647,100497,85,35360,34402,79,1821,1746,18,3346,2999,33,6727,6966,41,12243,11946,56,254595,243394,98,24.3261
81766,79749,81,20649,20413,62,1214,1189,8,1904,2126,21,4014,3967,33,6847,6685,46,142158,137996,93,24.3281
120526,115137,85,49303,46620,83,1487,1389,17,2973,2767,30,7444,7332,48,12272,11520,66,267916,256974,100,24.3351
56191,55593,79,21187,21184,60,358,604,0,1137,844,0,2835,2813,29,4268,3988,36,96597,95676,90,24.3421
93528,90864,83,35672,34692,79,1044,1125,10,2180,2341,23,4693,4428,38,7387,6832,52,164372,156239,97,24.3581
129421,117168,88,49050,43725,86,1598,1713,18,2852,2808,31,7007,6126,49,12148,11497,59,254894,223657,103,24.3641
242258,169664,110,79774,56472,107,3172,2157,33,5399,4635,47,12069,8284,64,20678,15442,82,462624,336117,125,24.3702
93363,93166,83,43449,43691,77,1086,1265,13,2643,2437,26,4851,4653,38,8327,8242,52,171564,162233,95,24.3702
93209,89675,80,33763,33184,79,1253,1037,4,1867,1743,25,4156,4276,35,7749,6710,51,163419,156016,97,24.3772
109779,107964,80,52390,51574,80,1685,1507,19,2751,2549,25,5871,5594,41,9434,9627,53,207813,198869,97,24.3832
222488,158142,106,95216,69210,104,3018,2192,31,5139,4189,45,11387,8361,63,20846,14841,101,413960,296073,121,24.3862
173602,149951,93,86565,76896,93,2143,1871,22,4345,4163,35,8466,6990,51,13315,11537,64,282055,245309,109,24.3962
105310,102278,82,29952,29592,78,1439,1534,18,2716,2443,31,4923,4528,40,9293,8903,53,190226,178686,98,24.4052
96145,92759,87,27292,27265,77,1186,1235,11,1922,1987,24,4427,4388,37,7403,6662,45,153999,148053,95,24.4052
169550,137486,98,70418,56669,93,2194,1907,22,3711,3127,43,8676,7285,53,15264,12035,85,331813,276343,111,24.4252
94986,93682,86,17033,16836,51,1424,1304,16,1838,1862,21,5127,4862,39,9457,9608,47,201558,197413,95,24.4312
106828,102786,97,42206,41756,80,1276,1292,14,2173,2393,25,5127,5312,39,9457,9106,56,183217,172663,98,24.4332
86021,81951,90,23983,23364,64,892,1093,7,1450,1534,16,4128,4109,36,7608,7477,54,160516,154952,95,24.4472
156072,131569,93,50083,42085,89,1903,1819,22,3742,3531,35,9243,7630,59,16464,13973,77,355438,319573,108,24.4673
125972,122433,83,45740,44386,82,1832,1865,22,2957,2819,29,7968,7358,50,11964,11517,58,260745,246887,100,24.4723
208329,159077,111,82248,61199,99,2832,1874,35,5121,3812,44,11032,8805,63,19336,14909,87,394423,307914,117,24.4753
137491,116483,97,39361,33553,86,1587,1330,17,4189,3309,42,7140,5877,51,12733,10327,65,278722,236757,105,24.4823
101557,97705,84,40064,38114,80,917,1003,1,2370,2587,25,4791,4694,37,8474,8031,54,185670,179070,97,24.4823
159063,132487,97,63300,53866,91,1841,1795,23,3546,3285,35,8246,7390,50,13889,11661,72,298433,263028,108,24.4833
134646,129438,85,51322,49563,83,1863,1769,22,4034,3551,33,7668,7462,50,13135,12393,60,286377,264814,102,24.4913
192160,148200,104,75936,59505,95,2610,1896,28,4954,3874,44,10246,8096,58,19248,14797,80,391398,311146,113,24.4993
254657,187508,107,82513,60310,103,3586,2649,37,5861,4359,45,13507,10430,65,23730,18525,99,509676,401406,122,24.5053
94634,90857,86,37770,37008,79,1450,1376,16,2714,2069,32,4403,4346,36,8129,7452,49,167553,162485,97,24.5133
142734,119245,100,45902,37976,89,2009,1525,19,3177,2633,35,7422,6023,48,13491,11764,63,289955,252072,108,24.5203
91494,90475,83,33385,32970,78,1394,1356,13,2422,2622,24,5626,5555,42,10317,9795,59,202613,200765,96,24.5323
151502,122265,93,49415,38551,91,2157,1746,21,3411,2910,36,8378,6715,56,14344,11210,74,314424,260578,109,24.5413
294138,205955,137,113662,79293,134,3743,2652,37,7367,5638,53,15302,11379,74,26241,19036,111,546292,397454,152,24.5574
116235,112674,87,59890,57545,82,1316,1366,15,2982,2941,31,6119,5946,43,10531,9912,61,241606,228495,99,24.5604
101655,99570,83,40022,38965,80,1133,1306,14,2987,2721,32,4978,4727,39,9390,9117,52,182038,170292,97,24.5624
178057,143970,97,54381,43017,94,2106,1538,24,4085,3419,39,9003,7638,58,14703,12391,64,316305,262006,112,24.5634
95287,89927,92,35253,34448,80,1252,1252,13,2111,1991,23,5685,5555,41,10161,9750,50,197749,186984,99,24.5674
189095,161543,95,77771,65399,94,3001,2335,30,4800,4286,41,10777,9285,60,19680,16875,74,417636,369109,111,24.5674
239124,164906,105,88396,59599,103,3468,2528,37,5878,4011,50,12621,9213,62,20852,14409,88,438091,301885,120,24.5714
181195,140408,99,63008,49802,94,2159,2006,24,4151,3072,40,8913,7441,56,16985,13012,79,345525,278871,112,24.5734
65039,65811,78,16114,16264,49,665,677,0,1343,1204,9,3477,3464,31,6204,6251,39,126276,123874,91,24.5734
84440,83019,80,28359,27896,77,1071,1045,7,2139,1964,24,4077,4352,33,6559,6962,42,144449,135712,95,24.5844
192547,153335,103,72638,58838,97,2587,2110,29,4115,3813,40,9967,8303,56,17897,15445,72,374286,310106,114,24.5874
175401,149275,94,54641,45437,90,2348,1929,27,3360,3033,33,7765,6692,48,13878,11606,64,286620,250329,110,24.5974
109088,98073,85,48582,43366,84,1403,1184,12,2580,2256,28,6130,5820,46,11514,10640,56,231863,211593,101,24.6074
82194,80151,79,24150,23834,69,1119,939,0,2302,2324,27,4438,4257,38,7288,7048,50,171955,164386,95,24.6174
65556,67352,74,27930,27663,75,750,961,0,1681,1690,15,3005,3355,27,5195,5043,40,103448,98987,91,24.6184
198295,169606,98,125629,110842,97,4645,4070,36,9058,8385,51,18905,16928,76,29745,27145,98,648306,592547,114,24.6314
105175,103128,82,26473,26598,65,1699,1243,17,2259,2319,28,5010,5116,38,8417,8443,54,179390,176802,97,24.6314
139975,119918,91,48995,41384,89,1239,1181,11,3017,2789,32,6644,5766,46,11390,10378,58,247053,218733,106,24.6415
222040,167292,102,82876,63602,100,3081,2124,35,6171,4474,49,11355,8762,63,19987,14736,81,418336,316108,118,24.6685
179812,133005,106,66150,48893,97,2283,1718,28,3917,2742,40,8933,6212,58,15381,11832,68,349806,258146,114,24.6775
141646,123276,91,53111,47342,87,1914,1599,20,3471,3208,32,7900,6947,50,13827,11776,66,277803,266078,106,24.6785
72647,72975,76,29202,29197,75,827,1000,1,1541,1310,19,3473,3213,33,7150,6926,48,145877,143359,92,24.6895
106086,101927,88,37656,36553,79,1735,1334,21,2721,2457,27,5569,5449,43,9712,9580,56,214821,199973,98,24.6995
116694,112809,84,41357,40109,81,1317,1393,14,2888,2934,29,6377,6226,42,10355,9611,59,230528,213520,99,24.7085
202380,155615,103,73212,55361,97,2341,1785,27,4221,3350,40,10794,8049,65,18581,14093,88,383182,296489,115,24.7336
99699,98285,79,23373,23024,68,1126,1164,10,2251,1943,28,5308,4904,40,9197,9030,50,194736,187257,96,24.7456
102728,101401,83,38972,38184,78,1410,1410,15,2423,1923,29,5292,5183,39,8679,8713,54,188710,179418,96,24.7466
198670,164479,97,70118,58561,94,2961,2528,29,5594,4564,44,11684,9829,63,21120,17514,87,421309,360416,112,24.7486
152416,137461,94,62235,57002,89,2330,1792,24,3975,3559,35,8485,7854,51,15330,14196,71,315870,296530,107,24.7516
70364,68107,89,30568,30182,75,573,652,0,1705,1420,23,3717,3464,34,5509,5894,39,131526,125593,92,24.7706
69087,70179,77,29763,29960,74,1054,868,0,1320,1195,18,3188,3475,31,5739,5195,40,117903,114477,91,24.7776
145928,123172,95,54241,45195,90,1912,1459,19,3152,2031,30,6843,6085,48,12775,10262,72,250888,210730,106,24.7816
104882,100634,82,41281,39654,80,957,1043,4,2370,2810,27,5885,5979,40,10841,9706,57,226558,207831,98,24.7826
157826,127612,94,58548,47280,91,2530,1716,31,3675,2758,37,7931,6227,52,14743,12228,70,301442,242220,109,24.7826
128980,113293,91,42570,37075,87,1634,1373,15,2903,2663,31,5834,5669,40,9842,9119,55,209542,193342,104,24.7866
96576,95851,80,31241,30631,77,1206,980,0,2732,2545,24,4969,4963,37,8985,8547,50,168464,168885,95,24.7866
192723,147474,102,71508,54394,99,2641,1974,28,4581,3516,37,10226,7612,62,18032,14279,73,387477,302209,116,24.7926
131314,119184,87,47660,43556,84,2300,1880,24,3832,3562,38,8348,7988,48,13663,12861,75,281297,256280,102,24.8106
50171,50060,73,20199,20302,55,412,527,0,1472,1427,18,1967,2157,23,3576,3984,29,73762,71658,89,24.8197
80660,79160,80,43330,43016,78,1234,1194,12,2235,2184,22,4503,4285,38,7960,7990,53,151376,149148,95,24.8277
104523,101485,82,36137,35641,78,1679,1633,20,2325,2522,24,5439,5486,39,9022,8774,51,198316,190261,96,24.8287
101916,99495,81,30443,29466,80,1169,1076,10,2790,2722,29,5877,5564,41,9929,9514,58,220213,207159,98,24.8297
189845,152721,97,74035,60578,94,2539,1883,29,5141,3927,42,9972,7967,57,17807,14845,85,388747,323516,112,24.8377
98624,96913,83,23115,22750,66,1617,1404,17,2972,2523,30,5217,5105,39,8291,8144,49,175032,167796,96,24.8437
103260,100497,81,39569,38011,81,1215,1471,14,2889,2793,29,6351,5990,46,11190,10728,51,229687,219626,98,24.8497
229726,154617,115,90298,60788,105,2992,2038,35,5289,3997,47,11716,8035,68,22330,15041,87,449376,305185,123,24.8577
101271,99817,84,40631,40408,78,1491,1480,19,2148,2595,24,6185,6052,42,10291,10110,58,219125,210761,96,24.8697
173589,138075,95,60942,47752,94,2622,1923,29,3922,2903,38,8776,7127,53,16716,13722,84,364768,294230,111,24.9007
93883,92812,81,34893,34592,78,1200,1178,12,2569,2807,29,4964,4983,35,8463,8568,51,184685,176057,96,24.9048
182262,143097,102,73562,59461,99,2053,1754,23,4686,3696,43,8964,6878,55,15483,12384,74,317929,260450,116,24.9078
253295,186552,113,87222,64026,110,2839,2320,31,6255,4931,45,12868,9991,67,22917,17004,96,473428,364147,128,24.9218
82683,82591,78,37770,37353,77,1316,1340,14,2021,1899,27,4530,4165,40,9156,8764,51,176262,171452,94,24.9258
161973,128154,97,61895,49289,92,2342,1747,23,3627,3181,35,8666,7074,55,14814,12626,67,339047,273065,110,24.9268
139997,119303,94,50360,41729,92,1635,1551,24,2583,2202,34,6118,5512,43,11113,9463,62,226793,190842,108,24.9288
189502,150298,102,71983,57426,96,2053,1722,24,3903,3584,37,9471,7860,57,16761,13067,82,360345,294619,113,24.9308
103885,99876,98,28503,27433,80,1817,1631,19,2347,2512,26,5167,5070,40,9548,9977,54,194149,188536,98,24.9318
225352,187618,103,117136,98001,98,4467,3661,38,9072,7596,50,17912,15671,75,30855,25533,101,637716,561619,116,24.9488
64222,64741,76,13143,13260,46,539,549,0,1627,1036,5,2629,2730,29,4851,4725,38,98231,95745,91,24.9498
55317,56350,83,32084,32377,73,711,552,0,997,1181,13,2649,2804,26,4512,4331,40,107769,104925,89,24.9608
177124,138079,99,58017,45316,95,2189,1619,26,4546,3090,47,10094,7899,55,18041,14214,77,365726,282831,113,24.9698
201431,163074,97,59039,48055,95,2720,2408,29,4598,3930,40,9822,7888,55,16735,12950,80,349509,284717,114,24.9999
69973,69475,84,27828,27772,75,868,817,0,1230,1241,15,3387,3514,30,7163,6587,53,139181,137242,92,25.0159
113205,110909,83,45326,43649,82,1953,1772,19,3105,2883,33,7678,7142,52,12348,12045,61,271322,256658,99,25.0199
59064,57112,82,17172,17234,52,132,336,0,1471,1128,11,3133,3112,30,5606,5288,41,111498,108724,90,25.0239
219237,175956,100,89911,72603,99,2905,2363,31,5664,4865,45,13095,11035,64,21616,17667,90,428256,364456,116,25.0249
210642,147282,106,70653,48870,99,2735,1899,33,5688,3964,47,11117,7695,60,18999,13117,81,401496,278260,118,25.0279
94174,90616,83,35239,34481,78,1152,1122,10,2409,2538,24,4293,4450,34,7143,7350,45,158655,149501,96,25.0379
90694,86566,84,31946,31534,78,919,1029,4,2317,2210,25,4658,4506,39,7135,6754,44,154210,150720,96,25.0679
83632,82617,80,32913,32820,75,930,981,0,1778,1628,23,4096,3907,33,7587,6884,45,147109,143720,93,25.0689
143004,129933,104,48180,44051,85,2091,2032,21,3442,3530,33,8099,7621,52,14883,13663,61,299457,277213,104,25.084
91928,89581,85,24223,23504,70,1024,1103,9,2923,2956,31,6207,5847,43,10857,11122,61,229195,229570,97,25.084
124544,120751,85,48988,47383,82,1676,1458,19,3410,2722,39,6364,6478,39,11673,11262,55,228768,217835,100,25.101
83909,85551,80,37081,36921,77,1318,1082,8,2687,2307,31,4663,4350,39,7869,7591,49,173301,167636,94,25.101
107346,105224,87,21320,20996,57,1557,1518,16,2446,2754,28,5899,5681,42,9422,9188,51,204526,195344,98,25.105
66997,66269,76,31652,31646,76,781,871,0,1685,1494,17,3786,3843,34,5887,5861,41,150508,142719,92,25.106
136703,121044,88,51575,43003,88,1660,1381,19,3254,3035,31,7080,6090,47,12615,10728,65,273062,239230,104,25.109
160411,129924,95,65840,54076,91,2003,1602,24,3213,3274,35,7482,6090,55,13801,11634,67,269373,221139,109,25.109
103435,99886,84,34178,33193,80,1345,1437,16,2625,2105,27,5751,5533,40,9808,9080,57,207974,195697,98,25.112
108603,105191,83,58424,57035,81,1567,1568,19,3220,2941,33,6851,6664,44,12024,11310,55,263011,244986,98,25.115
121222,117766,83,36236,35550,81,1881,1760,19,3456,3404,32,6912,6606,44,11154,10642,60,249586,239962,100,25.116
151755,131294,93,55015,46634,89,2096,1703,22,4071,3617,39,8049,6865,51,14247,12433,69,311693,282847,106,25.125
189741,164815,95,55099,47637,91,2024,1695,24,4591,3887,37,8669,7386,54,15800,14285,72,314581,274608,110,25.13
132798,118226,94,39499,34925,86,1736,1568,22,2915,2816,33,7172,6530,45,13882,12418,65,257931,236536,105,25.131
97612,95339,82,35247,34887,78,1425,1246,13,2942,2588,33,6268,6336,41,11337,11233,63,249989,237875,96,25.136
250657,215090,110,120193,104962,106,4859,4130,37,9309,8322,55,19973,17919,89,32669,29255,110,691071,614561,123,25.164
157066,131265,103,47186,40219,88,2063,1871,23,3785,3057,35,7774,6436,52,14338,12413,66,284043,252509,108,25.1751
163668,135805,98,68803,57136,92,2365,1907,26,3190,3047,38,8242,6979,49,14372,12459,68,291308,247532,110,25.1921
183602,135725,115,68652,51134,100,2036,1552,23,3764,2766,42,8597,6275,54,14922,10580,76,307160,226647,115,25.1921
175334,140532,110,65492,51845,94,2034,1621,21,3570,2968,39,8561,6959,50,14527,10966,79,316986,255294,110,25.2011
126228,118145,86,49467,45021,84,2168,2013,25,3855,3670,34,7867,7527,48,13359,13357,57,301915,282940,101,25.2021
151759,125229,97,55496,46066,92,1903,1614,24,4336,3161,40,8382,6610,55,14472,12054,66,303286,248615,109,25.2031
168380,140249,92,67547,56584,92,2343,1686,26,4505,3413,43,8114,6805,48,13370,11190,63,282478,236525,110,25.2081
142861,128170,89,36320,31414,85,2328,1872,23,2963,2939,32,6905,6255,45,10993,10015,56,252216,230827,105,25.2131
51360,50906,89,22899,23122,64,675,817,0,645,768,0,2666,2862,27,3825,4172,30,86511,86511,89,25.2221
130383,113582,92,55285,49597,86,1818,1422,18,2842,2620,31,6228,5884,43,11415,9995,66,218984,191446,104,25.2221
164540,133895,95,58705,47319,91,2423,1923,28,3647,3008,36,7911,6232,57,13070,10564,72,283461,238863,110,25.2231
66038,64737,78,29297,29348,75,759,714,0,1459,1256,11,3940,4231,33,7107,7410,46,148673,148701,92,25.2241
53324,54432,74,16351,16354,52,790,825,0,1611,1313,16,2955,3067,28,5019,4419,46,95748,91792,89,25.2261
232201,171027,106,98640,73443,104,2758,1991,31,4565,3506,41,11467,8651,61,20387,15826,92,420784,316915,122,25.2301
143532,115207,98,43511,34198,91,1487,1304,16,3861,2591,41,7246,6106,45,13570,10131,68,280043,233611,110,25.2311
129642,110602,91,43742,35870,87,1948,1597,19,3389,2432,34,6101,5067,47,10659,9088,60,231756,195924,104,25.2391
124812,111511,89,35911,31573,84,1515,1090,12,3659,3135,39,6700,6138,47,12228,10987,62,254048,234312,102,25.2451
157686,141511,91,62321,55811,90,2244,1972,24,4359,4031,38,9823,8246,55,17939,15756,70,375285,344355,107,25.2461
191745,153189,99,73956,58243,96,2685,2082,27,4396,3717,41,9422,7860,53,15318,12827,73,321065,255122,113,25.2481
160676,125920,98,55815,42975,94,2094,1848,25,3732,2953,38,8345,6753,52,13510,10730,67,287855,234877,111,25.2521
57284,57726,74,22739,22767,69,528,614,0,1388,983,0,2724,2894,27,5394,4782,40,108907,108425,90,25.2531
136014,118699,89,46772,40547,87,1695,1415,21,3056,2488,32,6886,5896,50,11221,9237,63,238897,205959,104,25.2561
152455,131514,93,49611,42665,88,1749,1434,19,3340,3074,33,7223,6475,47,11677,10630,68,260370,228208,107,25.2571
171106,148041,95,53300,45646,89,2587,2372,29,5194,5036,48,10952,10153,57,20240,18056,80,412912,375167,109,25.2692
127850,117694,85,52468,48581,85,1712,1654,16,3853,3646,34,7388,7115,44,13255,13148,61,276837,259001,101,25.2772
93774,91367,80,29746,29404,78,1041,994,0,1651,2048,22,3990,3807,34,6642,6325,44,159863,154071,96,25.2812
76097,75739,76,29282,29305,76,1079,962,0,2186,1954,22,3709,3616,34,6475,6040,54,136182,131497,94,25.2812
109540,105505,86,34893,33135,79,1218,1067,14,2730,2697,31,6421,6319,43,11547,11247,60,226283,219995,98,25.2952
289206,208389,119,94025,68631,112,4543,3077,41,8996,7062,54,16975,12893,75,28706,21297,115,600690,464306,131,25.2962
143371,119639,91,62064,53162,89,1717,1678,22,3536,2902,36,7302,6152,53,12275,9979,59,259088,226903,106,25.2992
103671,100957,89,44019,42219,79,1667,1763,20,2880,3162,29,6126,6095,39,11713,11474,54,249002,242052,96,25.3012
189362,152053,95,71285,58396,93,2113,1806,22,4346,4081,37,9670,7979,57,16399,13575,73,352648,287389,112,25.3082
291510,227740,130,129547,103818,118,5053,4145,39,10220,8443,65,21591,18141,85,37561,31402,124,800632,691711,135,25.3202
102031,99092,86,38039,37394,79,1312,1440,17,2661,2596,25,5340,5273,40,9149,8506,56,195014,185753,97,25.3332
143159,127616,91,44829,40306,86,1911,1691,23,3781,2932,38,6950,6456,45,13157,11607,76,260420,246622,103,25.3342
146227,117584,95,58825,47436,91,2088,1739,23,3231,2613,34,7479,5892,49,14889,11343,69,312256,261955,110,25.3352
90650,91393,78,32719,31604,78,1589,1642,18,2636,2352,31,5979,5996,42,10750,10373,60,232102,227482,96,25.3352
75027,74701,80,21895,21734,62,954,914,0,1813,1530,15,3103,3255,31,5069,5138,38,106948,107049,93,25.3372
73641,70392,92,15198,15140,47,775,835,0,1749,1998,22,4097,4283,34,7658,7376,52,157375,151732,92,25.3452
155479,121058,96,56538,44225,93,1957,1614,23,3220,2332,35,7879,6417,54,14209,11628,64,298848,232402,110,25.3533
106476,102919,81,42677,41197,80,1660,1463,20,2186,2071,26,6178,5333,43,11939,11328,58,244602,229108,98,25.3573
171695,145969,94,60133,50964,91,2009,1799,22,4267,3817,39,7879,6710,53,13398,12292,67,288483,258142,107,25.3663
209742,144260,107,74860,51735,102,2499,1542,31,4055,3145,40,10628,8205,65,18924,12820,80,428744,294362,120,25.3863
188248,147092,102,65898,50599,97,2598,2035,31,3374,2746,35,9493,7556,55,16185,13117,78,328260,266002,114,25.4073
116332,112881,91,47577,46116,81,1598,1563,16,3481,3368,31,6593,6328,45,11751,10652,63,253814,243849,98,25.4103
90658,90675,77,39260,38516,78,1433,1131,13,2772,2433,29,5600,5081,42,9373,8654,54,199715,190494,95,25.4223
91728,90468,82,41551,41062,78,1421,1428,17,2435,2338,27,4195,4442,35,7760,7713,44,147202,143694,94,25.4263
132271,124930,89,38409,36072,84,1605,1710,20,4135,3747,35,8429,8395,46,14505,13311,67,302678,284021,101,25.4343
100230,98285,82,41471,40612,79,1433,1542,15,2052,2342,27,5745,5680,41,10747,10221,59,212120,206850,97,25.4353
142755,110907,96,52789,41431,93,1871,1429,22,3536,2763,40,6804,5020,49,12160,9547,60,245728,186097,110,25.4434
196943,146966,107,77215,58580,98,2393,2002,30,4758,4221,40,9636,7601,59,16033,12845,71,359422,285982,116,25.4534
96116,93722,82,22802,22594,62,1507,1378,13,2647,2435,27,5823,5427,42,10109,9899,57,198121,186672,97,25.4634
188548,151597,96,55713,44475,91,2385,1921,28,4894,3960,41,10223,8171,59,17341,14228,80,366109,299010,110,25.4874
240822,160992,121,90338,62611,114,3306,2106,33,5624,3964,46,11153,7640,61,18245,13142,85,402477,289485,132,25.4974
117171,112074,84,39815,37379,82,1918,1696,24,2985,3472,29,7124,6713,47,13300,12863,64,290927,278067,100,25.4974
159324,123697,107,62552,49149,95,1984,1393,22,3000,2257,34,6918,5357,49,12332,10160,70,267428,216450,113,25.5004
109157,95869,87,37665,32579,83,1425,987,0,2538,2140,29,6071,5338,43,9903,8374,54,236015,210148,101,25.5014
103949,102149,80,46350,45605,79,1570,1563,17,2683,2538,31,5993,6160,42,11335,11834,59,221649,205693,96,25.5084
164947,138072,97,62163,51390,91,2200,1844,25,3988,2929,39,7214,6176,46,13771,11561,62,283980,244828,109,25.5194
147100,122418,94,43201,34618,88,1896,1503,23,3711,3254,36,7707,6179,53,13103,10257,60,274837,231780,107,25.5284
114744,107807,84,49166,47287,82,1835,1985,19,2815,2703,28,5437,5178,42,10724,10071,53,233092,223230,100,25.5485
85309,82479,91,29303,28929,77,1486,1224,11,1840,1909,21,4654,4393,40,7792,7679,45,175781,171394,95,25.5495
149367,122226,94,58602,48031,89,1801,1708,21,3741,2800,38,7621,6306,52,12704,10704,60,270636,225059,106,25.5555
185545,142692,99,74933,57948,97,2161,1648,26,4225,3558,38,9312,6616,57,16639,12468,79,342702,264076,114,25.5585
138131,133698,90,43264,42038,82,2098,1973,24,4071,3757,36,7726,7083,46,13833,13169,66,305770,288808,101,25.5585
88161,86830,82,33128,32712,77,1293,1202,11,2011,2220,23,4739,4515,37,9497,9022,58,194113,187261,94,25.5675
144213,123509,91,52037,43591,89,2144,1825,25,3310,3100,32,7883,6339,51,13920,11701,70,296937,257547,107,25.5685
108143,102133,85,38906,36975,80,1236,1275,14,2217,2174,21,5568,5207,43,9253,8363,52,193542,188036,98,25.5755
172103,136703,101,70464,55322,94,2605,1820,30,4700,3540,43,8882,7269,54,16646,13607,79,351516,284300,111,25.5785
166787,130643,96,65666,51363,95,2209,1997,24,4097,2901,40,9179,6930,58,16861,13408,75,356868,288750,112,25.5835
132465,113425,98,40796,34328,85,1820,1505,19,3298,2760,37,7189,5998,50,12586,10412,68,270913,235793,103,25.5905
134564,119808,88,52547,45081,88,1544,1473,17,3594,3208,35,7410,6669,50,13709,12069,64,289544,261413,103,25.6115
138460,115513,90,55207,46188,89,1595,1422,17,3089,2808,32,6585,5760,46,12698,11011,59,270007,223501,107,25.6125
91575,87973,82,33560,32767,80,1465,1198,13,2007,1800,22,4824,4639,40,9063,8786,52,171162,165631,97,25.6215
147819,119814,93,44423,36252,89,1970,1505,25,3204,2506,37,7420,6032,52,14100,11812,65,296403,243693,109,25.6215
133863,126182,101,65519,62951,84,1528,1592,19,3375,3298,32,6898,6808,44,12442,11945,60,250423,235271,101,25.6366
211973,165951,106,70840,55094,99,2605,1962,28,4879,4002,44,11173,8404,68,17627,13972,88,386946,309578,117,25.6416
98939,96915,81,50472,49521,80,1424,1260,14,1860,1902,22,5691,5531,42,10679,10883,54,220897,210676,97,25.6426
166545,142293,95,50631,43068,90,2633,2200,27,4585,3961,44,9485,8404,52,17148,14900,82,369540,341649,109,25.6476
142190,130917,102,52527,48447,86,1942,1872,22,3392,3142,34,7714,6986,48,13614,12055,63,295677,282671,103,25.6506
88161,87062,82,33649,33395,78,1059,953,0,2128,2215,22,3852,3618,36,6455,6313,41,144792,141139,95,25.6566
143717,126291,89,51851,44924,88,2214,1897,23,3344,2793,37,7877,7183,49,12750,11758,64,284359,255053,105,25.6576
197002,158740,110,80396,64494,97,2321,1854,26,5310,4033,44,10089,8723,57,17984,14202,77,384613,321467,114,25.6576
193429,141679,101,69682,51403,97,2551,1753,28,4565,3341,43,10766,7652,63,19061,13773,88,399775,291097,115,25.6656
121794,102429,88,40025,33215,85,1914,1334,22,2840,2629,30,6545,5360,45,11744,9522,63,249799,207914,104,25.6836
135205,115545,91,45273,37659,89,2065,1561,22,3117,2321,31,7376,6430,49,13278,11653,66,286031,251256,106,25.6846
111301,107027,83,43797,42739,81,1515,1372,15,2396,2258,25,4667,4708,36,7619,7192,55,166562,157301,99,25.6876
68913,68324,77,24789,24794,64,848,678,0,1606,1406,20,3815,3910,33,6262,6229,46,139817,133854,93,25.6916
111347,107444,85,47483,45603,82,1356,1371,13,3007,2819,31,6348,5981,45,11542,10875,56,237085,224501,99,25.7056
88526,84940,83,20661,20649,61,905,1065,7,1627,1798,20,4490,4830,34,7640,7782,44,152143,147219,95,25.7066
105414,102126,82,40955,39939,81,1245,1136,12,2765,2491,27,5275,5095,38,9805,8777,61,203611,191580,98,25.7197
122003,116664,83,50371,48559,82,1674,1442,19,2783,2294,31,5789,5442,40,10785,10093,57,219355,210105,99,25.7207
135950,113634,93,50011,42532,90,2357,1621,24,3259,2787,37,7523,6029,52,13073,11228,69,287953,254405,108,25.7237
57573,57241,75,24030,24188,69,632,829,0,1042,1397,13,2883,2848,29,5241,5384,39,96446,92091,90,25.7267
199469,167378,103,72115,62195,92,2576,2209,28,5074,4501,41,10176,8914,55,17124,14963,73,366842,328281,110,25.7267
200893,154862,99,61821,45400,99,2587,2054,31,4709,4002,42,11390,8488,62,20462,16441,87,436957,335746,117,25.7287
158122,145765,92,67094,61956,86,1743,1513,22,3753,2953,38,6939,6330,45,12991,11675,62,279762,259777,104,25.7307
123396,118916,87,34546,33640,81,1586,1606,18,3162,3130,31,7479,7413,46,13020,13030,57,281655,264467,101,25.7367
109959,105985,86,33275,32491,79,1457,1597,17,2653,2625,29,6350,6501,40,10455,10616,54,238091,231467,98,25.7397
201268,150336,111,67169,48660,97,2389,1704,26,4047,3405,41,10106,7495,61,16803,13211,73,356758,271424,114,25.7407
133618,110655,92,60425,50227,88,1898,1497,25,3383,3394,35,7006,5947,45,12341,10385,65,272130,215533,105,25.7427
94858,91921,87,37833,37600,78,1360,1169,16,1830,1860,23,4942,4780,36,7873,7798,46,166367,160535,95,25.7477
132008,121058,87,52655,47696,87,1537,1307,19,3210,2883,35,6719,6245,44,11878,11416,62,253454,235283,104,25.7527
161666,126294,98,53713,41480,94,2011,1589,22,3365,2851,34,8428,7003,53,15018,11817,74,322742,257522,112,25.7667
327206,232184,133,152503,112450,131,5301,3757,40,10530,7853,55,21525,15967,86,37171,26977,132,767615,562820,148,25.7837
99709,96580,79,45573,44596,79,1838,1530,22,2548,2406,26,5554,5910,38,9493,9032,48,206337,194786,96,25.7837
236972,184997,99,97843,76332,99,3621,2626,37,5725,4633,49,12463,10001,63,22560,17481,97,468964,372154,117,25.7837
151186,131687,92,45221,37867,86,1418,1299,18,3620,2973,35,7197,6035,53,11662,10528,63,266774,235610,106,25.7847
232347,166249,110,81846,58912,106,2997,2199,32,5209,4221,44,10142,7293,62,17256,12146,86,373381,279951,124,25.8038
159789,129373,96,71479,59183,91,2004,1659,26,3781,3082,38,8074,6427,52,14149,10648,70,313664,252969,108,25.8108
83772,82682,79,14960,14946,50,1222,1165,12,2025,2201,23,5138,4983,37,9633,9651,50,198306,192121,95,25.8178
174155,140755,99,67047,53573,92,2274,1902,27,3838,3045,35,8966,7591,53,17307,14060,76,343454,285189,110,25.8188
94763,93695,80,31653,31143,78,1220,1544,15,2366,2342,26,5535,5628,39,9039,9136,56,182536,176072,96,25.8318
91721,88275,86,33706,33246,78,1452,1318,13,2442,2256,26,4981,4848,37,8776,8095,52,195436,191315,95,25.8388
161975,129291,96,66474,52940,92,2427,2068,27,4616,3605,47,9479,7875,55,16564,13278,75,382659,306615,109,25.8498
101918,99130,81,43379,42497,79,1466,1390,14,2255,2376,26,5588,5702,38,10105,9868,62,207359,196332,97,25.8598
149128,124767,92,53927,44258,90,2644,2026,29,3822,2833,35,7577,6337,53,14117,11979,72,312729,264877,107,25.8668
246438,167844,114,77312,52070,109,3473,2403,35,5601,4296,50,12169,8776,64,21251,15793,90,455755,329578,125,25.8678
183857,144304,97,61496,48457,95,2368,1944,27,4224,3387,41,9757,8037,57,18861,15341,86,381182,308019,114,25.8698
109091,105272,86,38940,38210,81,1151,1253,12,3237,2970,30,5102,4884,38,9836,9732,53,188931,179357,99,25.8738
187260,153708,98,72456,59590,95,2921,2442,29,5002,3763,46,10265,8617,62,18566,15175,77,389850,326439,112,25.8758
130883,127369,85,47973,46483,83,1944,1833,22,3683,3464,37,7435,6933,49,13134,12719,61,278760,266419,101,25.8768
68297,68542,78,22269,22573,60,732,801,0,2365,2160,25,4329,4037,40,7980,7940,47,162015,158250,92,25.8929
138914,115691,92,46832,39613,89,1844,1652,22,3391,2814,37,8001,6855,53,14527,12663,71,312816,264932,107,25.9029
110190,105152,83,44026,41396,82,1649,1420,20,3305,3194,29,5971,5807,41,11465,10778,58,237534,224542,98,25.9099
79608,79799,79,30378,30376,76,1206,1313,12,2113,2138,22,4566,4446,36,7796,7935,47,158488,148993,93,25.9199
305664,204880,121,110554,74794,115,4430,3368,39,8285,5251,59,16859,11991,84,29664,20443,119,623341,448213,134,25.9249
92409,89827,84,21795,21787,60,1241,1115,10,2417,1742,29,4261,4296,36,6794,6859,42,162989,155039,96,25.9249
184581,153204,96,64265,53195,94,2254,1686,24,4866,3892,44,10068,8563,53,18224,15738,79,362749,302743,112,25.9269
98693,97738,80,41034,40415,79,1486,1299,14,2763,2147,33,4910,4879,39,9255,8741,49,173531,169564,96,25.9339
86645,85212,90,36736,36157,78,1352,1449,15,1706,1941,21,4713,4421,40,8568,8850,48,169446,166987,95,25.9459
148656,118914,100,53073,42424,90,1977,1561,23,2957,2654,34,7362,5936,51,13117,11243,68,272014,223612,108,25.9539
120195,116201,90,61399,59847,82,1850,1941,20,3402,3484,30,7060,7160,42,11917,11445,62,235368,223668,99,25.9649
134012,129030,84,51383,49075,83,2492,2425,23,4137,3885,36,8645,8196,53,16720,16292,67,346944,327208,101,25.9749
113565,100096,87,37442,31840,85,1583,1614,18,2651,1943,28,6191,5641,48,11281,9801,65,225599,197689,102,25.981
197764,155467,112,80659,64558,97,2071,1787,27,5565,4325,46,11417,8993,61,18716,15852,87,400536,323632,116,25.988
107019,104866,83,31807,31651,79,1771,1408,19,2789,3316,29,6692,6712,42,12669,12121,66,253226,241693,97,26.003
250293,193234,108,92961,72041,103,3894,2964,36,7511,5756,52,17268,14021,76,29051,23918,103,635759,533328,121,26.024
152324,131444,92,59345,50734,90,2082,1624,23,3383,2971,37,8496,7370,54,14731,12748,77,310002,277218,107,26.038
105693,103090,86,34230,33446,79,1478,1422,17,2866,2625,33,6050,5792,41,10730,10239,52,235662,230011,97,26.038
184703,146075,103,78311,63085,98,1944,1570,22,3682,3172,33,9627,7662,63,16114,12497,73,355920,287175,116,26.054
137673,125921,90,37836,33102,86,2083,1899,24,4073,3677,41,8899,7893,53,16867,15230,73,343210,311489,103,26.065
240149,188556,107,123882,98299,105,3646,2887,32,6786,5138,47,13124,10954,66,21379,17225,94,449418,370110,122,26.0891
52663,55480,67,23998,23874,68,757,731,0,1578,1616,15,2134,2292,25,4219,4226,35,92464,89367,88,26.0901
139828,115815,107,50681,42327,89,1720,1495,21,3181,2625,30,7870,6840,53,13704,11158,65,274065,233891,107,26.0991
217027,158249,117,82833,59836,100,3495,2448,38,5704,4136,53,12992,9526,68,23132,17125,96,494580,367560,117,26.0991
146309,133545,88,64353,58800,88,2224,2217,23,4025,3829,35,8745,7819,52,15092,13926,73,330540,311092,105,26.1001
85986,85133,80,40349,39828,77,1168,944,0,1800,1409,20,4851,4556,40,7309,6962,48,157216,153604,94,26.1161
200677,157772,102,58150,43932,97,2857,2212,31,4655,3649,45,11786,9452,65,20951,17658,85,418980,334651,115,26.1291
111877,107668,85,35070,34152,81,1459,1391,17,2551,2436,24,5286,5086,41,9200,8678,53,192623,182627,100,26.1301
182147,148181,94,68815,56604,93,2126,1762,25,4183,3542,39,8511,6922,53,16338,13669,71,328208,275308,110,26.1371
75348,74619,79,27810,27759,75,953,977,0,1685,1730,17,3721,3387,37,6098,5834,42,116654,112617,93,26.1371
65469,65269,81,19379,19103,59,809,659,0,1371,1415,18,3286,3228,33,5849,5659,40,126212,120942,91,26.1421
198577,155922,99,68152,52937,96,2803,2340,27,4898,3914,46,9650,7550,58,16707,12994,82,372135,296949,113,26.1471
157212,136461,92,62469,52849,90,1816,1503,21,3853,3324,36,7758,6997,47,13165,11020,65,269699,243795,106,26.1521
139349,113655,92,49487,40078,90,1987,1228,25,2857,2452,33,7110,5633,49,11382,9204,59,262825,211614,107,26.1571
146807,131884,89,70844,62773,87,2083,1913,25,4019,3435,36,8099,7330,50,14234,13140,67,293701,269220,104,26.1682
94092,91223,87,32686,31962,79,1604,1458,17,2259,1778,20,5013,4629,40,9112,8512,51,191072,181373,96,26.1732
88153,86149,82,33295,33186,77,1436,1246,14,2285,2211,27,5237,5133,41,9198,8677,57,193581,185764,96,26.1732
86842,85638,79,27924,27489,76,1135,1267,13,2200,1817,23,4363,4258,35,7177,6972,47,164128,158221,94,26.1812
130467,117736,104,47246,41588,104,1948,1927,22,3422,2855,31,7856,6794,50,14242,13254,65,286326,257171,104,26.1812
84492,83358,84,30908,30380,77,1034,937,0,2330,1935,25,3954,4139,34,7572,6996,52,148113,143957,93,26.1832
91408,90591,80,32364,32044,78,1022,1297,12,2443,2353,28,5392,4902,39,9612,9133,57,199235,189743,96,26.1972
83909,82138,88,32318,31987,76,1122,1115,13,1442,1590,21,4252,4402,37,7598,7611,47,157206,152554,94,26.2022
75742,75985,78,27421,27286,75,1250,1131,10,2180,1843,30,4477,4183,41,8026,7527,49,168276,165452,93,26.2072
272633,187100,117,97212,67577,115,3644,2171,38,7694,4759,54,14967,10247,68,25170,17989,102,539719,389844,133,26.2192
140201,118499,93,60584,51010,88,1834,1700,18,3454,2789,38,6940,6026,48,13247,11176,69,265272,224811,105,26.2202
110264,107435,84,24353,23876,69,1325,1534,15,2569,2421,32,6257,5893,43,9321,9237,51,206222,199709,99,26.2212
104123,102204,82,38216,38041,80,1897,1590,24,2229,2225,26,5238,4897,39,8889,8137,50,210248,204899,99,26.2242
82788,83194,78,32567,32006,76,1383,1185,13,1824,1879,25,4818,4662,38,8804,9206,47,177174,173726,93,26.2282
165394,134970,101,68912,58124,94,2044,1825,20,4091,3020,41,7804,6358,49,15533,12766,70,318711,263939,112,26.2282
153735,125035,95,56111,44742,92,1836,1532,21,3019,2559,34,7663,6143,53,12156,10474,65,259944,219871,108,26.2302
103478,98539,86,42075,39280,80,1214,1367,15,2422,2230,23,4721,4601,40,8582,7697,57,189642,176671,99,26.2302
183788,159474,98,88349,76867,94,1947,1645,22,4203,3947,35,8401,7133,49,14206,12285,73,307061,269258,107,26.2462
126258,112686,96,49282,44016,84,2158,1797,22,3082,2935,30,5727,5201,44,10343,9314,65,206871,184678,102,26.2573
197910,144637,99,73345,53368,97,2993,1965,33,5193,3588,43,10368,7519,62,19688,14704,99,401314,299377,115,26.2573
212867,164258,102,69774,53093,98,2241,1938,28,4639,3217,44,9570,7672,56,16561,13441,70,349058,280558,117,26.2703
188967,149431,97,83112,66284,97,2615,2079,31,4230,3558,39,10316,8609,59,19123,15937,85,366682,294639,114,26.2773
79438,78198,80,30279,30024,77,1019,922,0,1723,1898,21,4420,4531,35,7240,6622,49,155200,147135,94,26.2783
88799,86585,84,30801,30304,78,1171,995,0,2122,1999,23,4176,4543,36,7419,7138,51,160056,155443,95,26.2813
95233,93712,79,40800,40044,78,1147,1198,14,2764,2242,33,5382,5274,41,10264,9825,58,213170,205853,95,26.3003
83811,82625,81,36331,35816,77,804,929,0,1766,1728,18,4195,4153,34,7138,6779,48,162270,156435,95,26.3013
81482,77507,79,26810,26089,78,893,777,0,1590,1827,21,3746,3639,34,5919,5789,47,121288,117836,95,26.3243
255645,200773,124,100915,80790,119,4417,3301,36,7837,6341,49,16530,12744,76,26417,20048,113,581763,467097,137,26.3303
91981,91370,82,42642,41978,78,1064,991,0,1956,2060,25,4028,3856,33,7783,7388,49,165312,162289,95,26.3323
92003,90067,83,22904,22226,67,1385,1647,16,1935,2174,22,5461,5365,40,10871,10059,57,218384,211408,96,26.3404
103793,101862,85,38924,37882,79,1460,1255,16,3121,2857,33,6765,6400,50,12421,11726,64,249324,243688,97,26.3414
120165,115678,86,34387,33371,81,2146,1716,22,3376,3184,34,7037,6641,44,13530,12835,70,295197,278023,100,26.3474
170968,145868,91,66404,57714,89,2987,2402,31,5133,3966,46,10875,9424,61,20985,18208,81,428793,373092,107,26.3534
191791,159482,97,76822,65406,96,2880,2469,29,5299,4153,43,11329,9970,59,21745,18877,77,429819,388930,114,26.3574
139733,120713,88,49146,42327,86,1572,1540,18,3537,3132,34,7575,6453,50,12564,10470,63,282396,252138,104,26.3574
87828,85411,84,21643,21477,63,1108,1464,14,2088,1927,22,5468,5436,43,9478,9196,53,191593,183136,95,26.3584
192215,154191,101,108743,91782,95,4496,3140,40,8109,6602,53,18822,16950,78,32093,27001,97,673901,589204,112,26.3614
129561,105424,94,56783,47802,89,1768,1449,20,2957,2761,35,5902,4667,47,10537,8558,53,225443,187729,106,26.3734
102811,98819,88,29941,29490,79,1476,1625,17,2873,2676,26,5279,4930,41,8176,7729,45,180274,176526,98,26.3784
71899,69342,84,21300,21201,62,1112,1218,9,1813,1602,20,3959,3800,33,6392,6476,41,143003,142194,93,26.3794
156168,123710,96,61337,49416,93,2083,1631,24,3712,2927,43,8977,7454,53,15194,12886,76,323885,262513,110,26.3864
266140,186559,116,109002,77138,107,4462,3003,40,6633,4777,56,15626,11727,72,26545,20477,98,542811,399756,124,26.3874
168731,125526,98,63363,46546,95,2799,1920,29,4323,3315,41,8804,6572,56,16101,11580,74,342733,257880,113,26.3914
132671,123595,90,54656,50710,85,2080,2067,22,3738,3506,34,8194,7695,49,14852,13880,66,336167,308962,102,26.4004
89091,86365,81,26255,26013,77,1096,1215,9,2014,1724,22,4664,4437,36,7738,7462,46,179347,170505,96,26.4114
116708,107137,88,48156,44463,84,1544,1425,18,2617,2152,27,5301,5237,40,10784,9738,60,229341,215782,102,26.4124
187006,157806,103,88379,77335,95,2603,2090,31,5566,4979,41,10817,9949,58,18135,15493,78,415150,363961,111,26.4305
78917,78563,81,17946,17890,51,1187,1352,12,1739,1642,23,4445,3977,38,7524,7466,46,162502,159933,94,26.4635
152651,127055,101,57131,47434,88,2153,2105,23,4073,3225,35,7823,6199,53,14710,12915,62,300155,243224,106,26.4795
113699,109373,84,33030,32124,81,2129,1855,22,3138,2706,32,6705,6553,48,12657,12286,61,253570,247557,99,26.4845
88474,85818,84,35363,35377,76,1206,1585,15,2246,2259,22,5305,5091,41,9615,8773,54,180294,177326,95,26.4855
181582,145222,98,61749,49256,96,1948,1924,28,4090,3419,38,8526,7248,52,14712,12045,81,303355,253855,110,26.4975
121746,106342,99,39047,33657,85,1412,1421,16,2904,2864,30,5972,5280,45,10164,9138,57,212272,190661,104,26.5165
48890,49052,74,16247,16464,50,464,643,0,934,936,0,1941,1900,26,4008,3960,40,76592,75502,88,26.5165
230889,182162,101,74274,57537,100,3490,2433,37,5970,4720,47,11700,9300,57,21588,17413,87,432315,338018,118,26.5175
79885,79250,79,18821,18409,55,864,911,0,1674,1970,20,4178,4278,34,7230,7233,46,150986,147739,94,26.5266
203473,159019,115,66330,51720,97,2491,2067,27,4973,3983,41,9971,7950,58,18530,14537,75,386070,310639,115,26.5326
229523,174129,111,89869,64945,103,3303,2555,33,6762,5159,48,14107,11044,69,23885,18902,99,489711,394707,120,26.5346
87100,86103,95,19378,19318,56,1085,1140,8,2073,1765,25,3908,3765,35,6558,5910,51,143034,136748,95,26.5486
289068,224530,118,119654,93319,117,5342,4000,41,9966,7980,55,21537,17531,95,37013,31361,117,738025,623754,134,26.5496
151039,135296,103,50508,45921,86,2279,1777,24,4041,3860,38,8187,7687,46,15713,14843,71,306461,292975,105,26.5526
143709,118434,94,53059,43637,90,1992,1600,21,4105,3146,47,8220,6806,53,14232,12573,67,297171,250315,107,26.5686
198202,154627,110,84592,65178,103,2391,1948,26,5424,4550,42,11027,9076,58,18475,14900,71,402841,317197,121,26.5816
124178,111487,96,37747,33606,83,1869,1637,19,2723,2606,28,6790,6145,43,10485,9730,54,226643,209821,102,26.5826
129166,121835,101,44215,42942,82,1340,1381,16,3136,3224,33,6256,6285,44,10925,10741,63,231413,215316,99,26.5896
113101,108008,85,41813,40708,81,1960,1987,21,2931,2944,34,8105,7844,49,14159,13722,68,288192,272413,99,26.5966
148532,128391,99,53291,46412,90,1666,1469,18,3382,2828,34,7193,6111,48,11297,10272,59,248488,224008,107,26.6006
129549,118613,86,45531,41623,85,1655,1547,21,3563,2975,33,6740,6461,45,11974,11139,62,246298,233378,102,26.6036
130191,111767,98,37215,31105,85,1778,1621,19,2779,2257,29,6503,5553,47,11296,9754,63,239390,210985,105,26.6056
64479,62860,76,23325,23249,61,796,604,0,871,1220,8,3323,3128,30,5870,6251,39,120254,117208,92,26.6087
135613,113915,89,43784,37442,88,2059,1583,24,3291,2753,32,7055,6075,48,11845,10258,64,245983,213595,106,26.6147
151989,121007,98,57441,47182,93,1826,1353,21,3150,2764,32,6940,5561,51,12490,10392,65,250360,206259,111,26.6197
169622,147656,102,74995,65328,104,2101,1916,24,4275,3439,41,9240,7922,54,16331,14729,76,334961,295315,109,26.6197
127769,111091,90,41964,35766,86,1702,1401,21,2940,2613,29,6744,6031,47,12250,10701,61,259215,229180,104,26.6307
105623,105769,80,39662,38920,79,1410,1437,16,2417,2206,29,4826,4552,41,8204,7879,53,185040,177003,97,26.6347
206013,165237,100,66932,52104,95,2525,1981,28,5292,4188,43,10086,8738,56,17641,14737,78,381497,314684,113,26.6387
84603,81575,81,30459,30258,77,883,1031,5,1826,1832,18,4676,4286,39,7512,7387,48,178009,172696,96,26.6427
135349,114771,93,48296,40895,87,1367,1392,14,2915,2560,34,6972,6327,42,11370,9811,62,254851,220297,105,26.6457
109294,105931,82,42091,40963,80,1257,1446,14,2563,2718,28,5479,4965,46,9477,8790,59,210058,201006,98,26.6687
178701,143659,100,64089,51271,95,2471,1989,27,3734,3269,36,9063,7867,56,15138,12237,71,310328,261322,114,26.6737
160292,126074,101,77688,63911,94,2587,1925,32,3887,3596,39,8581,7093,57,16818,13241,72,334539,274251,110,26.6767
103813,95164,86,47644,43634,83,1359,1289,15,2092,2315,27,5352,5054,38,9003,8584,53,208259,194577,99,26.6877
140441,131764,86,62520,59804,85,1998,1442,25,3328,3270,30,6863,6375,45,11377,11018,61,250497,233679,102,26.6937
247990,187334,110,145247,114948,108,5313,4301,40,10201,8022,58,21056,17388,86,36055,30016,111,745619,610385,125,26.6947
113273,111119,82,30706,29951,79,1850,1649,19,3289,3085,32,6979,6613,47,11258,10911,60,246855,234614,98,26.7108
106043,103311,86,40708,39453,80,1597,1473,18,3462,3277,30,6202,5848,44,9942,9294,48,219689,209827,97,26.7138
120590,116371,90,46277,45166,81,1771,1772,19,2896,2895,30,6607,6470,44,12082,11984,59,263899,247194,99,26.7168
192301,148189,115,66122,51327,96,2398,1673,27,3753,2861,38,8237,6335,54,14253,10905,79,297766,230566,115,26.7268
164554,141596,91,54295,46317,89,2165,2052,23,4348,3580,36,8128,7304,50,13977,12480,66,316142,268515,107,26.7368
201667,169586,101,66828,55636,97,2690,2231,29,5012,4406,38,11283,9196,61,18464,16721,83,369853,331277,112,26.7478
157641,148614,89,80386,75242,87,2193,2276,24,4998,4367,42,8377,7926,48,14971,13853,72,295664,278406,104,26.7538
236131,180357,125,106624,83956,125,3321,2394,31,6475,4675,51,13471,10385,71,24191,18491,112,507877,405518,125,26.7538
298399,214166,135,129069,95203,124,5043,3325,42,7979,6159,50,18831,14385,86,30191,23405,113,629513,479862,143,26.7548
91229,89016,84,30287,29766,77,875,974,0,2045,2063,27,4277,4100,35,8211,7914,51,171849,169433,96,26.7548
119064,114966,86,43360,42461,81,1356,1437,16,2717,2876,26,5795,5056,41,9312,9186,53,199646,187323,100,26.7598
276531,214063,129,194584,160857,122,6033,4542,41,11776,9377,62,24743,20904,92,45989,37009,126,998511,794767,139,26.7618
150402,118030,97,51230,39998,91,1899,1502,19,3088,2482,36,7241,5903,50,13590,11035,69,287726,230828,109,26.7678
87673,87050,81,41815,41516,77,1109,1020,4,1868,1933,24,4233,4109,36,8389,8562,46,181939,178989,94,26.7688
215036,171227,106,78751,61799,99,2967,2273,31,6007,4557,45,12188,10214,60,21081,17979,82,431165,365252,116,26.7718
108799,104557,88,29799,28335,78,1737,1731,20,2859,3114,28,7122,6829,44,12097,11441,65,250712,238138,98,26.7758
132243,117922,91,51517,46178,86,1236,1303,13,2874,3194,28,6131,5608,44,10399,10436,62,229221,215027,104,26.7858
168692,137622,93,58732,46886,92,2059,1809,26,3852,2878,36,9162,7248,56,17520,13946,77,355769,288440,109,26.7889
103948,101287,83,46411,45520,79,1619,1620,17,2260,1985,27,5517,5329,39,9935,10163,53,210399,201779,97,26.7889
145900,128448,90,42627,37108,87,1772,1860,20,3985,3280,41,7654,7065,45,14792,12803,66,288460,261728,105,26.7979
193983,153053,98,91341,73809,97,3172,2429,32,5418,4633,42,10805,8953,62,18322,15482,76,379897,313907,114,26.8089
243880,188191,118,77024,58163,111,4572,3592,39,9951,7330,65,21793,17764,85,37287,29774,115,876747,718688,129,26.8109
91766,88864,82,45956,45519,79,1087,1028,5,2145,1939,27,4624,4712,37,8719,8635,46,180598,172523,96,26.8199
155059,128597,91,57622,48373,89,1605,1370,18,3083,2730,35,6875,6008,48,12722,10293,66,264760,229333,107,26.8249
74019,72652,84,27346,26882,75,755,773,0,1503,1558,15,3600,3442,34,6726,6461,48,130879,127506,93,26.8259
55624,54042,82,20362,20407,58,777,814,0,1047,1513,17,2383,2062,28,4607,4543,38,81869,78788,90,26.8299
321353,196791,147,116424,73748,129,4560,2968,44,7842,5088,57,17254,11066,74,28818,19428,119,633904,414810,147,26.8319
160143,145293,92,45110,40063,87,2184,1962,25,3871,3340,36,8526,8029,53,15089,14132,67,317796,301427,105,26.8409
87303,87548,77,39249,38911,78,1024,1074,8,1534,1980,18,4677,4217,37,8052,7735,53,179064,170592,94,26.8409
95853,93155,80,35710,35016,78,1278,1098,8,2143,1999,23,4673,4771,36,8436,8482,52,182988,173735,96,26.8479
113156,109145,84,34810,34067,81,1513,1603,17,2345,2406,28,5641,5198,43,10247,9709,56,198118,189579,100,26.8639
127313,112930,90,46691,40528,86,2040,1994,20,3346,3150,28,7664,6926,50,13858,12072,64,271992,243227,103,26.886
130809,118650,87,50330,43708,86,1530,1383,18,3013,2952,32,7553,6497,53,14628,13643,70,281249,247347,102,26.889
138561,118199,99,44663,37930,89,1693,1336,19,3426,3018,32,6849,6135,48,11244,10133,56,259610,224512,106,26.901
152427,121920,97,54526,44091,91,2083,1757,21,3854,3158,41,8169,6338,53,14151,11922,71,313539,254881,110,26.902
141892,124675,99,52134,45213,87,1576,1597,21,3747,3554,36,8101,7270,51,14189,12921,70,309646,285251,104,26.906
104077,99472,93,33912,33164,79,1676,1542,20,2962,2680,28,5477,5664,39,9567,9269,51,207252,197326,99,26.907
81416,77826,88,19399,19033,57,920,1078,6,1349,1183,13,3675,3624,34,6032,5914,40,126156,118597,95,26.908
137280,123777,89,47170,42051,86,1973,1587,22,3128,3239,32,7689,7229,48,13384,11949,72,279854,251645,104,26.911
142816,120826,91,54739,45924,88,1780,1645,23,3524,3251,32,8248,7295,50,13353,11321,64,279091,235993,106,26.911
145356,131014,91,64417,57550,88,1943,1840,23,3735,3171,38,7471,6670,47,12013,10526,66,269628,253818,104,26.915
87616,85190,81,32126,31765,77,1541,1275,18,1729,1894,21,4853,4863,38,8724,8192,51,180207,172519,95,26.925
306970,212166,128,109763,74490,125,4023,2757,37,7079,5378,53,14706,10714,73,24963,17988,96,527934,386805,141,26.939
150203,131157,90,51025,43520,87,1976,1514,20,4121,3411,38,7096,6174,46,11582,10169,57,255304,232101,105,26.94
122860,119236,84,42767,41281,80,1923,1738,20,3280,2974,31,6970,6556,47,11187,10405,60,253958,236945,98,26.943
216044,185040,99,74266,64035,96,3024,2659,30,5494,4618,40,11312,10306,60,19862,18217,78,421933,371391,114,26.943
106150,103207,90,51057,49756,79,1389,1368,13,2731,2511,28,6365,6231,43,11141,10477,56,215388,206285,97,26.95
144125,126191,106,50235,43839,88,1984,1576,22,3229,2795,32,7667,6808,52,13278,12176,61,271076,242956,106,26.954
128597,122746,88,51212,50009,82,1118,1245,11,3073,2646,35,5435,4941,40,8905,8332,50,192777,184144,101,26.954
138662,119049,90,50273,43177,88,2112,1570,21,3803,3002,35,6837,6177,49,12075,10765,61,250716,221629,105,26.96
156206,127971,96,49022,38774,91,2134,1774,27,3241,2486,38,8995,7265,56,14970,11655,66,316504,262956,108,26.963
103082,99735,81,37991,37374,79,981,1077,7,2986,2885,29,6215,5992,41,10129,10338,55,228595,214890,97,26.9681
124570,119714,83,58603,56010,82,1817,1731,21,2921,2775,32,7329,7005,46,12133,11435,57,264830,254600,99,26.9771
177399,151001,97,76256,63846,93,3200,2518,32,5753,4402,45,12119,10702,59,20110,17416,91,414396,367319,110,26.9821
94930,93178,87,36452,36278,78,1308,1431,14,2011,1873,22,4117,4038,35,6922,6249,42,150541,143345,96,26.9821
113987,109936,99,34188,33496,79,1379,1224,15,3394,2863,32,7522,7401,48,11145,10715,62,253747,242710,99,26.9961
134411,123664,87,59166,55053,84,2480,2451,25,3801,3143,34,7618,7259,48,12527,11425,67,275316,258552,100,26.9971
235863,181624,104,87688,69699,100,2968,2391,31,6041,4881,46,12544,9619,64,21991,16831,88,455543,374142,116,26.9971
215956,173681,103,84993,68750,100,2621,1903,28,6358,5014,44,10955,8704,59,20313,16612,93,419716,351125,118,27.0011
129289,113467,90,53562,46373,88,1213,1076,7,3238,3007,36,6606,5936,46,11670,10239,57,237329,208654,104,27.0071
113182,105706,95,43788,40711,81,1758,1511,19,2380,1973,27,6185,5861,46,9252,8184,51,199172,192530,100,27.0121
98109,95931,85,27541,27424,78,919,1170,9,2080,1794,20,4788,4322,40,8710,8113,50,171425,167448,97,27.0201
130228,122795,97,52458,51386,83,1950,1983,23,3574,3389,35,8336,7791,52,14626,13948,72,310498,286386,102,27.0271
114107,109506,83,45393,43542,82,1403,1248,17,2445,2556,28,5150,4938,41,9008,8327,52,209201,195608,98,27.0331
221989,177464,104,78895,63029,102,2797,2142,33,6058,4210,47,11777,9997,62,21051,16744,88,449991,375179,119,27.0371
72751,71838,82,26817,26725,74,648,979,0,1528,1695,19,3917,4100,34,6166,5756,43,141021,142157,92,27.0411
143651,119544,92,38438,31728,87,1850,1472,20,3276,2727,34,6565,5600,46,11086,8884,58,232063,198822,107,27.0441
112696,106799,90,44519,43061,80,1385,1345,14,3005,2575,30,5739,5707,40,9950,9688,53,209184,195730,98,27.0481
128648,119472,89,55779,52019,85,1579,1735,20,3951,3414,34,7774,7201,50,13870,12598,69,276304,259986,101,27.0501
151133,128510,106,59538,51308,89,2018,1540,22,3594,3502,36,7492,6477,49,14411,12802,69,305438,264420,106,27.0652
210579,175758,105,86333,73280,98,3287,2660,33,4882,3965,40,11611,10231,64,20192,18407,80,404916,363611,115,27.0682
171501,148525,91,61117,52139,90,2274,1917,23,3813,3384,38,8414,7490,49,14531,12891,69,309058,275420,108,27.0792
159882,129487,100,58035,46742,92,1912,1609,21,3245,2708,35,9105,7274,62,15978,13279,70,318308,264405,110,27.0862
140049,127133,88,44067,39070,86,1739,1569,21,3590,3478,36,6824,5988,52,11840,10024,62,240094,219293,104,27.0942
163724,136030,96,57777,47386,92,2159,1824,26,3842,2745,36,8447,7116,51,16184,14238,72,325321,270634,110,27.1192
132704,117504,102,50171,43737,86,1703,1796,18,3498,3299,33,7288,6434,52,13387,12113,59,278139,251006,102,27.1332
98253,96230,83,35118,34538,78,950,927,0,2616,2514,26,4844,5240,37,8691,8353,49,188735,188904,97,27.1342
95209,94360,86,28832,28704,77,1576,1381,14,2004,2114,22,5383,5207,40,8231,8102,59,175013,172051,96,27.1342
221141,164983,106,82192,61412,102,2521,2091,29,5050,3776,47,10635,8160,64,18709,14092,83,404710,305188,119,27.1513
128368,117190,87,39669,35979,85,1666,1755,20,3317,2852,33,5916,5490,41,11438,10754,60,220436,205616,103,27.1523
105465,102048,83,49831,48785,80,1350,1481,15,2479,2257,27,5241,5171,39,9008,8831,49,196917,188245,98,27.1533
79429,78715,78,34109,33776,77,1067,1088,6,1593,1640,20,3992,4172,33,6307,6119,42,147721,142909,94,27.1753
80988,78922,88,32217,31776,77,1479,1420,12,1821,1907,18,4374,4269,38,8870,8966,48,175470,168289,94,27.1793
129887,123925,96,61615,60043,82,2005,2116,22,3648,3340,37,6838,6848,45,12668,11830,70,263316,248869,100,27.1793
66541,65632,80,23630,23725,69,550,828,0,1115,999,0,3681,3741,31,5522,5083,42,136795,137769,92,27.1803
126255,114176,89,45432,41191,84,1582,1454,15,3486,3114,35,7365,6754,46,13131,11864,63,280973,256128,102,27.1833
174784,152757,95,46462,40010,89,2330,2176,27,4123,3766,38,8520,7665,50,12844,11353,68,322567,283842,110,27.1893
155363,130446,101,53833,45957,90,1918,1489,20,3131,2785,30,7117,6178,47,12200,10661,66,272268,231835,108,27.1993
142863,121856,95,43669,37473,86,2353,1865,26,2883,2850,33,6696,5749,48,12624,10531,72,244831,212394,103,27.2524
103939,100239,85,25446,25006,73,1415,1258,15,2788,2533,30,5965,5438,44,10774,10825,59,212963,204863,98,27.2584
111309,108672,81,36546,35361,80,1606,1407,16,2556,2713,28,6325,6125,44,10804,10322,64,216180,205375,98,27.2594
125227,116662,89,37141,34430,83,1430,1313,16,3128,3194,28,6231,5964,46,10463,9837,55,214886,203594,102,27.2634
136706,118268,103,54490,47512,89,1531,1530,14,3184,2910,33,6497,5515,50,11996,10223,67,235182,205604,105,27.2674
106762,104596,83,29650,28881,79,1679,1561,16,2806,2388,31,6073,5673,41,8992,9193,50,208909,196238,98,27.2694
107542,103715,82,29720,26843,82,1256,1283,14,2191,2046,31,6060,5708,42,10293,9846,56,206856,198833,98,27.2754
185748,157061,96,69134,58043,93,2820,2338,28,4718,4003,39,10118,8865,55,17609,14762,83,379335,332255,110,27.2784
204914,178729,97,72966,63172,94,4360,3799,34,7669,6800,49,17232,15413,73,30037,26778,96,621972,556872,112,27.2844
94389,94214,81,26254,26699,76,1154,1262,11,2714,2508,24,5456,5332,39,9109,8861,49,188910,183307,96,27.2844
103393,101338,84,53413,52520,79,1655,1553,18,2527,2573,25,5890,5960,42,11644,11556,58,231909,220057,97,27.2854
195034,144564,104,72366,54593,97,2810,2037,29,4690,3295,46,9845,7463,54,17395,12835,83,383495,286365,116,27.2864
148611,128782,97,57457,50642,87,1924,1804,22,3606,2994,36,7027,6332,45,13545,11113,66,278758,241545,105,27.2964
173502,143560,103,68053,57904,92,2250,1729,24,4250,3607,40,8044,6247,53,14386,12042,67,278287,243952,110,27.3064
69381,69493,76,17668,17758,51,805,786,0,1591,1533,16,4027,4100,35,6858,6824,44,163492,155011,92,27.3064
211169,157635,106,91137,69212,103,3291,2503,34,5890,4581,47,11795,9482,58,21280,16168,102,421360,329533,120,27.3174
160187,144855,93,56474,51889,88,1996,2013,22,4512,4272,41,8877,8077,49,15852,14485,69,317259,295825,107,27.3214
140833,124860,88,66581,60320,88,1589,1562,18,2643,2263,28,6289,5476,45,9648,8225,55,208217,189826,105,27.3254
53866,52707,85,20146,20429,55,675,674,0,1037,859,0,2088,1980,25,3948,3600,34,83745,81323,89,27.3345
97986,96114,85,43854,43139,79,1436,1222,14,2747,2715,28,5475,5320,41,10291,10450,53,223197,210893,97,27.3445
93849,90644,82,25436,25013,65,1525,1278,14,2098,1983,30,4547,4316,39,8331,8258,53,177995,171088,96,27.3445
76343,75635,81,37311,37049,77,1223,1138,9,1638,1920,21,3886,3840,31,5990,6795,39,125833,120947,93,27.3485
126480,112994,87,55156,49470,84,1824,1790,22,3803,3078,39,8311,7770,52,14845,13465,72,304591,291293,102,27.3495
163551,139585,90,57448,48530,89,2032,1621,22,3303,2965,33,7488,6538,49,12949,10727,65,263570,234836,107,27.3495
245412,205623,120,129998,110614,116,5028,4064,38,10350,8628,59,21978,18872,82,37404,30448,117,768609,638565,131,27.3495
131839,121609,91,42159,39046,84,2045,1512,26,2818,2922,32,7592,7238,47,13301,12290,69,281357,269762,102,27.3525
148160,129950,89,60599,52008,90,1888,1835,21,3941,2974,37,8339,7792,54,15307,13526,71,316721,270799,106,27.3545
134971,126643,101,57952,56077,83,1467,1311,15,3117,2451,33,6473,6413,43,10635,9634,64,213820,199808,101,27.3655
93576,90852,82,27140,26991,78,1183,1180,10,2223,2050,20,4715,4145,38,8311,8301,45,185276,176771,97,27.3685
132695,123258,89,47365,45179,83,1849,1765,20,3386,2978,33,7906,7718,50,13671,12508,68,295271,274810,101,27.3775
153019,127590,91,61608,52572,91,2120,1569,24,3529,3200,41,7788,6486,54,13415,11317,64,281105,248516,107,27.3785
232745,190662,115,148699,124745,102,6192,5073,43,10852,8477,67,24564,19826,90,41333,33854,109,854586,700634,119,27.3805
229520,167342,103,85635,61167,101,3369,2151,36,5618,4038,47,12068,8921,60,19951,14766,84,416779,310785,119,27.3945
48548,50797,57,17241,17096,52,386,446,0,982,1143,8,2577,2742,26,4126,4479,34,82264,78918,88,27.4055
74476,73060,79,27993,27654,75,797,690,0,1852,1923,23,3640,3613,32,5411,5192,38,129682,129205,93,27.4085
151295,134389,88,56617,48122,88,2467,1943,28,4326,4055,46,9307,8478,52,16987,15025,73,336943,302682,105,27.4186
211355,163096,106,57811,44561,100,2856,2523,31,4911,4121,43,11064,8393,65,19077,14823,76,394193,322347,118,27.4286
187839,151651,96,59038,46305,95,2823,2157,32,4337,3664,39,10036,8329,57,18331,14874,74,385264,322638,113,27.4486
138921,124271,86,51476,43518,86,1641,1686,22,3697,2866,35,8536,7536,50,15066,13073,66,304477,264626,103,27.4486
189235,144574,100,72251,55739,96,2587,1925,30,4770,3645,46,9550,7212,59,16151,12432,73,341107,273930,114,27.4526
142356,121398,99,48680,42796,87,1803,1689,22,4062,3241,35,7335,6573,48,12300,10679,63,263350,230904,105,27.4566
91994,91674,82,39875,39501,78,1053,1116,8,1929,1892,25,4458,4485,36,7152,7524,42,147099,140300,95,27.4816
106841,103353,89,35072,34507,79,1459,1155,17,2432,2781,28,5663,4969,46,10105,10072,51,212698,200318,97,27.4906
81998,81139,80,41460,41336,77,1346,1372,16,2294,2140,24,4790,4402,38,9042,9034,48,175517,169952,94,27.4946
176207,146249,97,63509,53348,94,2385,1769,25,3844,3123,37,9208,7531,56,14769,11510,67,319760,264288,111,27.4996
171579,145560,97,57238,47602,92,2133,1890,27,4329,3821,37,8482,7671,52,15203,13083,72,308874,264186,109,27.4996
207105,157819,102,73929,56628,99,2494,2068,28,4762,3607,43,10575,8541,56,18546,14053,85,366802,290306,118,27.5207
84258,82258,81,26927,26497,77,976,1216,10,2232,1957,26,4469,4439,37,7913,7141,52,162187,161006,96,27.5297
137208,129761,88,49169,46219,85,1835,1616,20,3743,3845,31,7866,7198,47,13108,12057,62,264304,253444,103,27.5297
74387,73548,77,27596,27777,76,1090,999,0,1322,1438,15,4353,4034,38,7649,7807,44,154985,150732,93,27.5397
161597,144644,96,75659,68496,89,2367,2129,27,4791,4767,42,9981,8864,63,15637,15114,66,354786,329747,106,27.5407
180399,144827,103,68918,54441,93,2301,1742,26,4443,3712,38,9468,7942,59,15555,12271,80,351243,282446,110,27.5427
221501,176585,105,64788,52593,100,2619,2330,27,5803,4594,48,11343,9481,57,20769,17054,104,427273,353716,119,27.5427
84228,82533,80,77031,75620,79,2261,2369,25,3915,3825,35,9841,9253,60,16419,15489,72,349788,325630,95,27.5467
142710,123204,90,64841,56571,89,1953,1661,23,3787,3003,36,7723,6266,54,13914,12006,62,305669,270525,106,27.5487
89181,87306,79,34556,34081,78,1529,1534,15,2441,2156,28,5211,4742,40,9760,9382,52,191586,183397,95,27.5487
97760,94721,81,43053,42080,80,1367,1294,15,2001,2449,25,5358,5100,38,9418,9477,59,208880,204071,97,27.5607
181915,151676,96,65074,54227,92,2203,1790,23,4371,3526,41,7472,6224,51,11101,9513,62,255089,208342,110,27.5727
120210,111950,96,35102,32013,84,1372,1474,15,3120,2729,32,6133,5853,43,10201,9916,51,216425,202284,101,27.5737
115452,107738,89,33322,30946,83,1910,1683,18,3190,3213,28,6885,6429,44,12247,11318,60,262882,248206,100,27.5867
203814,161979,97,59852,49147,93,2704,2177,32,5351,4047,47,10244,8092,56,18210,14588,80,371391,307097,113,27.5907
139823,122306,89,46616,40119,88,1758,1409,25,2874,2346,32,6991,5974,49,12440,10423,65,250496,226230,105,27.6098
323675,207977,135,151140,102456,129,4980,3434,44,8527,5928,67,18131,12277,80,31724,21859,129,735326,532024,147,27.6128
227909,188796,103,113713,96483,101,4725,3849,37,7940,6802,47,15329,13291,74,26569,22332,102,564480,488243,118,27.6228
116468,102009,86,45652,38617,86,1038,952,0,2357,1824,33,5899,5183,47,10344,8404,58,232368,205749,103,27.6238
149650,133035,90,56241,50596,89,2014,1897,23,3455,3045,36,8045,7171,52,12679,11120,64,290039,262029,106,27.6298
124900,121102,85,51277,49936,82,2056,1774,22,3067,3037,29,6428,5851,43,11468,10912,55,244047,230637,100,27.6388
130803,120175,94,41755,38163,86,1884,1693,21,3118,2896,34,6988,6613,45,12512,11730,61,267493,254497,103,27.6418
95438,94390,80,30875,30605,78,1055,1019,3,2289,2346,25,5086,4895,37,9655,8820,52,196559,187137,96,27.6418
226143,169220,104,85710,63324,104,3674,2759,35,5817,4236,47,11611,9229,66,20083,15908,81,429015,332997,121,27.6418
264623,196066,124,70048,53415,105,3842,3083,35,6790,5323,54,12876,9550,67,22016,15342,92,464507,357014,124,27.6518
145193,128464,100,51924,45342,87,2003,1804,27,4345,3608,42,7963,7298,51,12374,10777,69,267639,236483,104,27.6528
97848,94182,82,28800,28407,78,1198,1336,13,2316,2178,25,5218,5202,38,10264,9474,66,210666,209481,96,27.6608
94406,93191,80,33812,33119,78,1669,1303,14,2445,2130,25,4996,4835,38,7797,8241,46,194282,182671,96,27.6818
112246,108685,83,36574,36069,79,1567,1707,17,2715,2632,30,6211,6084,47,10634,10065,56,219089,208740,98,27.6828
111539,108161,83,39343,37680,80,1588,1551,16,2394,2616,29,5553,5520,41,9602,9071,56,200082,185280,98,27.6999
105399,103028,82,25201,24795,74,1666,1828,20,2123,2164,23,5851,5790,40,9399,9016,54,204159,196367,98,27.7059
199764,152903,114,69701,53024,96,2762,2267,30,5633,4275,43,11721,9148,66,20451,15750,88,450788,366908,114,27.7069
129473,108347,99,38974,32466,86,1698,1284,17,2536,1853,30,6039,5004,45,10893,8962,64,218481,183988,105,27.7129
101140,99935,81,47493,46787,79,1548,1545,19,2448,2230,28,6616,6060,45,11808,11923,60,237097,227367,96,27.7139
136724,128063,89,61651,57632,86,1768,1927,19,3496,3073,34,7314,7082,46,13333,12289,67,279576,265380,103,27.7139
120442,114984,87,47475,45091,82,1608,1678,19,3468,3173,31,7633,7185,51,13205,12629,64,287968,268312,100,27.7219
164757,135606,96,47812,39985,90,2229,1829,23,4929,3505,46,8002,7257,50,13717,11111,77,283828,238354,109,27.7539
89159,87815,82,32557,32142,77,1231,1229,12,2009,1753,21,4666,4905,36,9338,9109,53,189935,185199,95,27.7579
190327,153150,97,70422,57887,95,2537,1930,27,4602,3936,39,9536,7826,57,15842,13485,68,340597,282253,113,27.7619
117128,100293,102,38857,33039,85,1687,1396,14,2577,2227,30,5723,4788,44,9804,8405,55,203585,176265,103,27.777
143850,123798,95,39193,32329,86,1831,1582,20,3279,2822,32,7017,6467,47,12527,10842,64,252616,217606,104,27.778
150167,128298,105,45178,38247,87,1922,1645,19,3464,3234,34,7964,7205,48,13069,11227,65,289679,258058,106,27.778
94139,84609,83,37344,33233,82,1373,1270,12,2078,2202,27,5262,4677,42,9099,7564,54,188879,173408,100,27.778
76992,74076,84,22690,22626,66,1247,1215,11,1216,1472,15,3687,3575,34,7569,7600,49,154428,146727,94,27.791
108472,106513,85,38370,37679,79,1303,1436,17,2331,2177,22,5154,4892,37,8810,8911,48,180090,169065,97,27.792
88824,87369,80,26591,26470,77,915,1084,6,2002,1909,25,4513,4570,36,8618,8126,52,187711,179190,95,27.793
138304,107659,97,52419,42481,92,2032,1682,20,3178,2423,32,6482,5140,50,12254,9879,63,245187,193568,109,27.8
140422,131211,91,43952,41606,83,1775,1349,22,3735,3054,35,7760,6913,51,12797,12172,59,282709,265587,102,27.814
135403,110592,93,48333,39550,88,1580,1478,18,3467,2657,34,6592,5613,50,12306,10174,61,263440,217245,106,27.822
140978,122991,96,45907,40153,87,2287,2137,26,4518,3917,37,8824,7677,50,15582,13666,74,321790,293351,105,27.823
171049,137414,95,63173,50993,93,2097,1855,23,4123,3105,40,8871,6873,55,15406,12282,66,316452,260034,110,27.827
184716,144403,101,69974,55038,96,2416,1601,31,4050,3100,38,10334,8289,56,18057,14032,79,381509,302311,114,27.831
169309,130877,97,65917,52068,94,2040,1701,22,4468,3489,42,7876,6162,53,14546,11403,69,325006,262345,112,27.837
69689,70657,83,30183,30105,74,823,868,0,2057,2026,19,3671,3717,33,7937,8072,46,143556,138409,91,27.844
125608,120228,98,39170,37660,82,1981,2082,23,4052,3409,37,7315,6889,51,13229,12090,63,262503,250806,101,27.847
85810,84130,82,32950,32810,77,1042,1211,10,2247,1962,25,4766,4777,39,7795,7825,48,176824,170329,95,27.849
176852,138677,108,52937,41940,92,1839,1645,24,4870,3538,43,8610,6855,54,16056,12489,69,342301,276457,112,27.855
206153,180498,95,81726,72259,93,4130,3428,35,7916,6512,51,15520,13613,70,27067,24655,98,539950,500062,111,27.856
182209,156944,96,48071,40763,91,2422,2078,27,4444,3771,39,9239,7894,55,15864,13600,69,323016,283074,109,27.856
206866,163388,101,61246,48173,98,2451,2330,26,5613,4163,44,10517,8518,58,17091,12753,83,395325,318883,116,27.861
69478,71233,76,29848,30044,74,669,812,0,1089,1647,16,2815,3040,29,4890,4665,37,115723,113947,91,27.861
66169,67105,76,26062,25792,75,829,751,0,1475,1320,19,3385,3405,33,5730,5214,46,121242,123925,92,27.8691
162001,133600,97,47149,38095,93,1733,1168,16,4055,3186,40,7699,6332,52,12405,10036,62,278530,230891,110,27.8701
71536,73199,77,17567,17722,52,950,907,0,1784,1388,22,3864,3827,35,6814,6621,46,140816,134280,92,27.8741
136428,116373,91,53160,44694,89,1807,1639,21,3236,2849,35,7283,6287,49,13629,11343,63,267537,226704,106,27.8741
209375,164317,107,75331,58493,99,2559,2520,26,5245,4160,43,10545,8286,57,18081,14601,87,385127,317840,116,27.8871
151689,144446,87,65153,63114,85,1962,1934,22,4139,4080,35,7798,7439,46,13467,12795,66,292309,273215,102,27.8981
124833,118780,85,34431,33274,82,1621,1697,19,3579,3329,32,7630,7206,50,13815,12971,63,293524,269947,100,27.9041
73440,72698,77,26724,26511,74,1225,998,0,1836,1555,22,4318,4208,35,7650,7586,47,157655,159132,93,27.9181
129937,119002,91,63917,58981,86,1368,1253,15,3046,3043,29,6127,5587,44,10917,9731,55,243932,227201,104,27.9191
85079,83340,85,26438,26235,77,961,1055,8,2100,1795,22,4818,4736,39,8614,7906,55,185014,178375,96,27.9211
183488,163480,94,72719,65631,91,3229,2696,29,5916,5331,42,11909,10930,57,20617,19239,72,412689,379176,109,27.9221
108132,106019,88,56889,56270,80,1493,1293,17,2882,3003,26,6432,6516,42,11703,10964,61,238177,225745,97,27.9231
173090,145675,95,51231,43050,91,2094,1677,24,4831,4249,40,10659,9013,58,18838,15755,92,381838,338408,110,27.9241
132838,120215,86,52341,45892,86,2111,2013,24,3207,2927,36,7604,7170,46,12665,11428,58,284101,261110,102,27.9321
120989,111490,88,39191,35211,84,1953,1740,24,2822,2728,33,6871,6233,44,12767,11832,58,259363,240299,101,27.9321
158973,137883,90,25269,21446,73,2099,1580,26,3708,3484,34,8667,7412,53,15810,13799,67,336354,289410,107,27.9321
99922,98570,81,27015,26816,77,1834,1656,20,2638,2757,27,7612,7327,45,13102,13015,59,268088,254333,97,27.9331
182809,143615,104,62390,49863,96,2563,1983,29,4225,3343,46,9021,7037,56,16660,13828,84,342811,278042,114,27.9361
141139,119077,97,52415,43460,89,2150,1876,25,3519,2936,39,8393,6654,52,14394,12501,71,298547,252479,106,27.9371
218871,160829,121,62179,45054,103,2941,2187,32,5583,4118,46,11319,8576,65,18469,14768,85,403780,321011,121,27.9401
193970,145640,99,68039,51130,97,1980,1749,23,4018,3210,37,8851,6687,54,15474,12157,73,346581,273410,115,27.9491
127507,118857,86,57129,53737,83,2074,2036,21,3514,3047,35,6973,6860,44,12129,11184,59,268425,254270,101,27.9692
111027,108049,89,28697,28285,79,1927,1759,22,2622,2602,30,6304,5911,43,10815,10893,51,217651,205912,98,27.9822
123616,111273,96,34664,31026,83,1797,1443,18,3475,3300,32,6924,6303,48,11001,9975,57,247171,233498,102,27.9832
81502,80597,81,31648,31470,77,827,772,0,2470,2280,27,3501,3689,32,7371,6995,49,125437,121871,94,27.9902
124075,119134,84,46291,44616,82,1420,1376,19,2579,2381,27,5770,5350,39,10091,9544,58,223904,208347,100,27.9972
216531,164880,108,73539,54385,99,3001,2511,32,4972,4019,50,11472,8751,66,18024,14249,75,395159,300289,116,28.0052
131956,113803,89,36806,30590,89,1791,1733,23,3014,3150,31,6569,5465,47,11413,9556,61,233399,209780,106,28.0072
177381,136186,111,68201,54217,97,2027,1986,26,3756,2624,42,8254,6357,54,14234,10861,66,313585,253410,115,28.0182
110213,106117,88,42889,41718,80,1455,1426,17,2877,2858,29,5995,5760,41,10303,10128,52,221879,213268,98,28.0212
180445,147255,99,52030,41364,94,2764,2158,31,4375,3905,40,8827,6975,57,16644,13686,77,349089,289446,112,28.0222
97758,97015,81,26214,25952,74,1461,1404,16,2242,2094,26,5377,5436,39,9578,9800,50,199789,192327,96,28.0232
102074,101175,81,59352,58449,80,1075,1270,13,2839,2712,30,5377,5289,40,9728,9826,57,209070,201872,97,28.0282
151777,127556,94,56105,47209,91,1929,1653,23,3525,2938,35,8155,7295,49,14465,12181,74,299450,263511,108,28.0302
97665,95996,79,41795,40780,80,1358,1269,11,2139,2296,28,5228,5124,42,9161,8680,54,211034,194162,97,28.0302
140887,114435,90,34223,26901,89,2187,1647,24,4614,4113,44,11035,9279,64,10973,8485,63,295011,249003,106,28.0362
174864,145297,104,59577,49245,90,2491,2098,25,4025,3532,34,8930,6865,57,15865,13577,73,352371,303812,109,28.0553
104131,102716,80,47572,47443,79,1456,1346,14,2408,2583,26,5445,5298,41,9766,9423,51,193925,187146,96,28.0553
101075,99368,80,44339,43219,79,1547,1438,16,3105,2676,33,5770,5429,43,9896,9626,52,203411,191939,97,28.0593
207261,163043,118,70333,55989,103,3002,2390,29,5186,4424,42,11951,9432,66,20286,16411,79,436593,360090,121,28.0713
112228,107367,83,45774,44542,82,1736,1674,19,3048,2913,31,7063,6907,46,12848,11830,66,242985,234494,99,28.0723
133888,128956,87,33197,32467,82,1879,1575,23,3567,3396,34,6450,6371,43,11881,11186,65,248526,234137,101,28.0723
174200,134649,99,51151,38245,93,2304,1642,27,4856,3643,44,9641,7589,57,17600,14719,79,360904,290375,112,28.0723
120242,117942,82,53634,52634,81,1864,1589,21,3243,2960,31,6456,6611,42,10267,10370,58,234728,223109,98,28.0733
148749,127940,98,48821,39631,90,1816,1558,20,4006,2969,40,9046,7793,57,14675,12250,75,328626,287448,106,28.0733
115469,110493,87,44002,42667,80,1536,1377,14,2424,2625,25,5469,5494,39,8510,7842,52,188123,179391,98,28.0763
88472,85991,79,38550,37988,78,766,767,0,1954,2087,24,4915,4661,38,9079,8827,48,193461,183726,95,28.0793
94205,92673,83,39480,38768,79,1251,1330,12,2561,2540,25,4851,4828,38,10178,9907,52,205169,191337,96,28.0803
177713,147510,99,63476,53107,92,2199,2030,25,3757,3384,34,8842,7718,51,15552,13312,74,337643,294516,111,28.0803
159617,130131,95,47719,37822,93,2009,1689,21,4215,3103,40,8382,7391,52,14264,12444,70,322017,268561,110,28.0883
120475,116535,83,30630,30023,79,1354,1558,17,3077,3248,32,6127,5690,45,11247,10804,59,237467,224832,99,28.0943
202513,179103,98,97966,88367,94,5719,4983,41,9596,8209,51,19396,17199,79,33757,30126,99,711595,632224,112,28.0993
137420,125782,93,50228,46075,88,1892,1959,20,4043,3584,39,8879,8184,48,15516,14989,69,301042,277738,107,28.1063
215261,171830,104,86635,69375,101,2941,2395,32,5320,4130,50,12603,9941,66,22984,17933,88,487667,390071,118,28.1233
132394,114671,97,61179,55003,88,1568,1585,17,3384,2921,35,7388,6380,49,12148,10455,73,263265,235599,105,28.1273
184673,142585,100,66579,51479,95,2581,1900,30,4742,4101,39,9244,7518,55,16512,12915,72,353048,281496,112,28.1313
117504,115393,86,66664,65201,81,1559,1544,15,2716,2780,27,6819,6776,44,10814,10098,64,242692,234608,98,28.1464
259061,188354,117,89659,65999,109,3502,2265,34,6838,5153,48,14259,10577,68,24360,18246,102,486523,374764,127,28.1504
165165,137036,100,58366,47865,91,1555,1479,16,3044,3098,31,7505,5995,54,13705,11234,65,298171,245202,109,28.1524
146921,126703,96,53746,45635,90,1990,1775,25,3419,3348,31,8221,7250,51,14905,12781,68,303962,271322,106,28.1574
193940,145004,105,67961,51254,99,2402,1901,28,4826,3408,44,9837,7438,61,18464,13933,84,385191,295731,116,28.1594
199761,171463,100,97459,84926,97,3035,2238,30,6601,5603,49,13004,11319,65,22242,20418,98,495446,454021,114,28.1594
125887,111625,88,42297,37432,85,1226,1249,11,3138,2649,32,5525,4953,42,10059,8805,52,213944,200731,103,28.1734
240495,177417,107,83559,65504,104,3328,2392,36,6053,4799,47,12962,9689,66,23045,17651,81,476115,355637,122,28.1754
124287,117306,93,42442,41219,81,1449,1361,17,2845,2636,29,5413,5039,40,9537,9138,51,209696,203638,101,28.1854
302397,206735,129,123946,85259,127,3557,2716,38,6699,4529,52,15287,10891,73,25836,17642,118,585985,413420,145,28.1894
119768,114212,85,40945,39720,82,1522,1694,19,3008,2870,31,7598,7197,49,13273,12866,68,285786,271114,100,28.1914
141561,125821,88,44346,38018,87,2043,1657,21,3240,3262,33,7958,6921,53,12692,11892,64,288241,257500,104,28.2064
98095,93551,84,31605,31318,79,1299,1088,12,3046,2576,31,5976,5664,46,11251,10883,55,214083,209092,98,28.2064
221094,170700,104,77332,59524,103,2536,1845,31,4991,3949,44,11465,8987,65,17826,14440,79,402509,328539,121,28.2104
318559,201743,134,178702,118430,131,5009,3194,44,9899,6902,62,18210,12762,81,32275,24090,129,652566,480521,147,28.2245
106320,101450,87,31629,30872,79,1339,1356,14,2145,2311,23,5201,5382,36,8772,8753,50,190648,181405,97,28.2265
310607,230948,132,132368,101818,130,4391,3337,36,8719,6418,59,18419,14191,81,29771,23930,120,660502,530956,147,28.2275
109957,105747,83,44664,42270,81,1216,1444,16,2229,2331,25,6066,6073,43,11579,11084,61,244596,228163,99,28.2275
210060,151210,104,70678,49360,101,2896,2033,33,4825,3749,42,11719,8415,60,20794,14664,87,455883,333620,119,28.2335
299543,254186,124,150554,132225,119,7007,5893,41,12919,10781,72,26768,23766,105,45906,40064,122,970213,829507,136,28.2345
244584,185013,107,89733,66346,103,3291,2463,34,5896,4526,45,13983,10870,74,22533,16508,91,490503,377093,121,28.2345
149082,138269,90,46405,43351,86,2795,2384,29,3815,3695,33,8477,7851,49,14473,13474,56,316579,283307,105,28.2415
165608,132502,94,60173,47866,92,2527,2144,26,4074,2988,41,9680,8071,53,17607,14242,79,374262,302944,109,28.2455
101941,99548,84,24976,24622,74,1678,1492,15,2359,2208,25,6145,5813,43,8854,8360,53,198548,186182,97,28.2505
109532,105395,83,40849,39652,81,1370,1272,14,2951,2888,29,5475,5045,40,8545,8244,48,197046,183902,99,28.2515
108377,98844,99,38206,33802,83,1807,1731,21,3051,2713,34,6985,6166,50,12485,10897,65,266922,248705,99,28.2545
102783,100281,83,26862,26333,81,2150,1968,22,3245,3093,30,6339,6495,42,11536,10896,57,240688,230064,99,28.2645
125328,105395,90,45294,38983,88,1228,1128,8,2612,2126,31,6024,5169,45,10465,9111,55,223862,188599,105,28.2665
133732,120825,89,38776,34219,86,1826,1815,23,3602,3127,35,6051,5796,45,10314,9517,59,221932,203709,104,28.2675
78294,75836,82,33582,33325,77,719,625,0,1520,1747,20,3392,3467,31,5919,5367,42,147404,141992,95,28.2685
129223,114470,89,41224,35884,86,1948,1926,23,3292,2689,39,8517,7814,49,13612,12347,59,310123,282097,105,28.2725
117540,111769,96,29890,29042,81,1828,1613,24,2992,2985,32,7757,7345,46,12656,12098,61,281948,268735,100,28.2735
64726,62843,89,25948,25899,71,977,933,0,1261,1397,12,3026,3039,33,5112,4489,41,104691,101953,93,28.2825
138084,121282,95,47599,42149,87,1687,1536,18,2913,2889,31,7217,6437,48,13450,11627,71,274807,243176,104,28.2835
160157,145203,93,67407,60841,90,2430,2454,26,5163,4877,41,10825,10250,60,17939,16120,83,401948,374203,107,28.2955
128850,121111,94,35477,33065,83,1818,1814,22,3781,3408,35,8602,7965,48,15224,13950,68,331082,313541,100,28.3065
88913,86780,82,30207,29684,78,981,986,0,1442,1410,22,4311,4181,36,7326,7106,45,145811,145637,96,28.3105
158039,128177,95,47098,38050,90,1824,1659,20,3911,2863,40,7536,6135,50,14073,10471,69,318988,267191,109,28.3166
89500,87753,82,30224,29823,77,1089,1077,7,1722,1790,21,4436,4200,39,7969,8164,46,160545,156806,95,28.3196
166775,139931,97,58487,49164,90,1985,1808,22,4275,3050,44,9368,7993,55,16039,13523,75,349086,305433,106,28.3206
172719,148715,93,59285,50174,91,2239,1922,24,4454,3944,41,9415,8091,54,14431,12559,68,334468,291422,107,28.3206
83628,82250,82,38379,37161,79,1534,1264,15,3591,3266,35,8966,8517,55,11666,10784,62,266065,248757,94,28.3206
70360,69171,82,25120,24978,69,829,826,0,1972,1271,25,3522,3855,31,5773,6130,38,139107,134783,92,28.3246
159372,129138,109,58103,47686,92,1956,1408,21,3909,3304,34,6972,5925,47,12107,10057,66,262593,218409,110,28.3276
127989,121715,93,39201,37984,82,1506,1425,18,3043,3159,29,7089,6633,45,11242,10818,57,239003,220765,101,28.3296
94172,91474,84,23098,23071,63,1827,1492,21,2028,2205,26,5634,5563,42,9455,9446,55,213786,208390,96,28.3336
148383,118557,98,53419,42395,91,2114,1471,21,3892,2978,36,7720,6361,51,13966,11881,66,299763,247781,108,28.3366
152150,135207,90,61046,54646,87,1975,2295,22,4310,3852,37,8837,8377,50,15355,14192,65,359990,336043,105,28.3366
89286,86154,84,28593,28047,78,1214,1147,8,1771,2076,23,4562,4678,37,8453,8223,44,182289,168456,96,28.3476
170484,134071,99,60152,46963,92,2145,1823,27,3983,3344,39,8394,6421,54,14729,11344,70,319533,256475,111,28.3486
128423,114196,88,65666,58313,88,1957,1566,24,2884,2511,31,5996,5169,46,10717,8828,64,216085,192540,104,28.3566
197417,158115,100,70049,56940,94,2719,2240,28,5203,4013,44,10686,8698,58,19175,15295,78,417594,340359,112,28.3606
141022,123178,99,49533,43091,89,1425,1287,14,3593,2815,34,7010,6131,46,11645,9909,62,243861,214320,107,28.3686
132287,122655,100,66073,61917,84,1806,1952,21,3207,2897,35,6677,6206,47,12298,11244,70,251047,240750,102,28.3916
114739,112342,83,39263,38638,80,1434,1484,17,3130,3403,30,7182,7296,44,13400,13590,64,283739,271009,99,28.3986
100424,99424,81,31218,30726,78,1600,1677,16,2633,2040,32,5523,5582,39,9395,9076,57,190564,183013,97,28.4127
73448,72635,89,28721,28154,76,818,889,0,1836,1630,25,4105,4040,35,7935,7929,50,160442,159013,93,28.4147
211242,157195,107,81519,61828,100,2820,2236,31,6233,4592,49,11998,8965,63,20216,15558,96,453433,349739,117,28.4157
166360,135449,96,63970,52350,94,1801,1531,20,4113,3216,40,9028,7884,55,16479,13705,78,324735,271621,111,28.4247
71940,71356,79,26881,26470,75,1000,837,0,1637,1394,15,3083,2881,34,5320,5143,38,120001,119676,93,28.4277
86985,83496,95,15312,15386,48,1025,1178,10,2003,2290,22,4327,4099,35,8485,8779,47,168937,162455,95,28.4317
121076,116151,99,30659,29074,79,1766,1816,20,3563,2935,34,7309,6975,48,13329,12391,66,292962,280756,99,28.4357
182172,152802,95,76252,65003,95,2150,1799,23,3958,3216,42,8041,6686,49,14285,11426,75,284641,239602,112,28.4387
196897,156148,105,67611,54014,97,2681,2247,28,4546,3998,42,9332,7515,58,15052,12317,70,340929,282813,116,28.4407
287497,200599,118,114817,78860,116,3972,2961,37,7811,5756,53,15670,10965,71,28295,21118,109,570845,428432,133,28.4507
152487,121815,93,57831,46655,92,1691,1083,17,3537,3079,33,7677,6326,53,14076,11009,77,294160,235596,109,28.4627
259319,207359,105,151001,129596,104,4612,3683,37,8361,7057,55,18159,15417,79,28978,25411,106,627632,543837,121,28.4637
154775,130721,91,48190,39385,89,2087,1723,21,3481,3240,33,7024,5924,48,12802,10259,66,263157,227851,107,28.4937
103224,100200,82,25223,24336,71,1692,1552,19,2596,2721,30,6008,5778,40,10427,9637,65,210912,207500,97,28.4948
116064,111703,85,47536,45682,83,1798,1588,23,3043,2680,36,8308,8113,46,14328,13503,68,285657,280682,100,28.5028
116040,111114,83,33365,32570,79,1680,1517,20,2644,2452,27,6141,5585,47,9672,9366,50,210813,202173,98,28.5068
103286,99288,97,37881,37407,78,1389,1304,17,2531,2806,25,6197,6350,44,11818,11090,59,252807,235776,97,28.5168
124117,119623,82,57680,55016,82,1812,1688,20,3605,3535,32,7206,6559,48,12741,12078,58,264206,250644,99,28.5178
79912,80317,78,27460,27031,75,956,781,0,1600,1733,19,5042,4829,40,8388,8527,51,179722,174253,94,28.5268
178879,143494,97,57834,47122,91,2261,1944,27,3723,3443,38,8984,7096,54,16675,12964,77,350349,290492,110,28.5298
154921,125642,104,52591,42560,89,2031,1490,24,3597,2926,38,8540,7190,53,15226,12281,69,332155,273937,108,28.5298
149945,116438,93,57770,45007,91,2154,1598,27,3627,2697,39,7364,5719,51,13365,10007,67,284040,214911,109,28.5298
205771,157601,100,68416,52054,97,2550,2037,30,4496,3574,42,9760,7914,59,17181,13073,71,383049,303883,116,28.5388
218938,157819,103,76121,54693,101,3147,2519,35,5663,3704,52,11108,8061,61,20566,15262,80,441565,330961,119,28.5448
55323,56569,71,17488,17720,50,565,556,0,1232,1228,12,2150,2324,25,3986,4038,33,88170,84533,89,28.5448
108103,104535,84,32050,31413,79,1333,1413,16,3190,2809,32,5729,5422,43,12315,11888,54,222927,213074,98,28.5488
235845,161513,124,79489,53659,106,3160,2237,34,6062,4731,47,11465,7968,62,20965,15403,79,417507,288632,124,28.5488
70590,69984,80,27493,27436,75,653,926,0,1660,2090,22,3805,3593,36,6607,6216,45,135536,131791,92,28.5588
79374,76495,84,28717,28311,76,886,928,0,1953,1745,22,3861,4020,35,7450,6894,46,159282,154827,95,28.5598
106463,102324,83,44207,42147,82,1529,1260,16,2791,2191,30,5829,5511,40,10947,10145,55,213780,206691,99,28.5678
138543,111574,99,51631,41240,90,1847,1345,18,3577,2413,41,6938,5769,47,11710,10095,60,261185,212776,106,28.5738
108809,106654,82,39299,38057,80,1213,1374,11,2217,2447,28,5136,4523,41,9721,9663,51,191794,180555,98,28.5768
78529,77195,78,35521,35340,77,824,689,0,1599,1674,20,4531,4454,36,8091,7783,53,161061,160046,94,28.5768
99517,98596,82,35450,35151,79,1205,1385,17,2337,2231,23,5061,4763,39,8434,8543,52,175674,171764,97,28.5778
171984,134443,95,58253,44793,94,2762,1939,31,4274,3349,44,9376,7178,57,17275,13955,75,371972,292215,111,28.5818
182207,143115,104,61386,47071,96,2304,1867,28,4548,3934,43,9291,7503,55,18143,14023,76,355260,277321,113,28.5849
242021,190997,106,106384,85178,104,4100,3237,37,6769,5163,47,13644,10970,66,23433,19092,88,490147,403538,121,28.5949
111040,104573,93,36885,35700,80,1592,1420,16,3127,2985,35,5126,4996,37,9253,8779,50,194088,181002,99,28.5959
100050,97590,97,31871,31346,78,1439,1420,17,2689,2585,27,5936,5624,41,9547,9426,56,222013,220706,97,28.6179
160926,145278,90,70643,64972,90,2237,2090,25,5184,4440,40,9354,8720,56,16988,15869,75,363107,333071,106,28.6189
253685,193284,107,99707,79271,105,3514,2671,34,6556,5201,47,13217,10010,71,22241,17516,87,488110,391267,123,28.6199
170359,137223,99,60905,49143,92,2456,2070,26,4816,3827,44,9670,7927,57,18160,15279,69,373113,317672,110,28.6209
113317,110462,83,43228,41762,80,1897,1611,22,3054,3124,30,5811,5724,41,9298,9354,50,201136,190353,99,28.6289
124355,118878,86,31471,29788,80,2221,2094,26,3747,3944,33,7596,7063,49,13771,13334,66,269484,255823,100,28.6319
182191,150538,98,69762,58046,95,2607,2096,27,3607,2469,38,7592,6343,50,11631,10195,64,251138,214768,113,28.6329
184999,139814,98,67753,51696,95,1894,1813,23,4385,3534,42,9616,7338,62,17913,13852,78,396890,299394,113,28.6329
151318,137182,92,56697,51380,86,1990,2024,23,3934,3734,34,8369,7522,52,14737,13857,62,316451,297049,105,28.6369
228183,184950,102,88717,70604,101,4380,3339,36,8301,6556,50,17450,14505,79,29468,24300,102,636455,533316,117,28.6369
203093,175940,101,64823,56581,93,2861,2534,27,4822,4043,41,9535,8442,52,17594,15184,69,347005,293669,112,28.6449
147104,135821,90,47906,44072,85,1666,1755,19,3845,3759,34,8063,7388,51,13641,12276,65,302845,276914,103,28.6479
88351,85808,86,31779,31588,77,910,1009,3,1896,2082,25,5818,5930,40,9078,8900,53,213275,201549,96,28.6489
108063,105898,82,36994,36458,80,1549,1412,18,2880,2572,33,6520,6539,43,9049,8478,48,230887,217473,98,28.6519
153592,123849,93,56825,46469,90,1903,1634,23,3924,3515,35,8833,7461,53,15821,13253,72,334616,276148,108,28.6549
94255,93304,88,35704,35557,78,1429,1130,9,2231,2330,26,5384,5176,39,9762,8935,54,207541,199323,96,28.6579
122304,111546,100,48635,45257,84,1825,1755,19,3492,3361,32,6704,6403,43,12087,11321,61,244495,228832,101,28.6579
110781,108747,84,46475,44742,81,1529,1319,15,2801,2518,30,5529,5413,41,9093,8532,53,213210,194744,99,28.6589
219232,120358,113,100588,68641,111,3204,1624,47,6117,3440,61,12844,8680,80,21513,14053,100,487721,307514,129,28.6659
55053,54023,81,18193,18378,52,718,636,0,1167,894,0,2404,2497,27,3695,3975,32,84723,81860,90,28.675
150683,124411,97,61778,51477,90,1851,1586,18,3944,3321,39,8484,7073,52,13427,11473,65,302601,257882,108,28.676
115295,110452,88,51068,50042,81,1621,1661,18,3157,2963,31,5831,5729,40,10690,10506,60,209204,196502,99,28.679
139110,125241,90,56638,50589,87,2468,2148,25,4179,3623,40,7832,7394,48,15011,12915,83,312235,286051,104,28.682
103169,99228,85,43148,42639,79,1201,1186,10,2939,2673,28,5323,4990,40,9566,8738,56,203176,196517,97,28.694
162540,126780,94,55887,43399,91,2318,2107,26,3972,3088,42,9173,7222,51,15102,12342,76,334373,265323,110,28.71
152926,129694,105,51831,43879,90,2431,1835,25,4183,3512,42,9439,8028,55,16193,14270,73,334447,292588,107,28.713
154539,134603,93,49293,44053,87,1837,1601,22,4124,3591,37,8425,7261,52,15313,13735,63,329769,284584,106,28.719
332416,249717,127,212945,168998,127,7782,5943,45,15035,11891,69,32485,25362,123,55879,44469,131,1.04858e+06,881885,144,28.719
176069,148501,94,56590,47615,92,2289,1913,25,3953,3561,37,8939,7160,53,14784,13144,64,327228,286236,110,28.744
248225,172248,109,96656,68601,107,3073,2243,33,5377,4006,47,12608,8159,71,23918,17093,95,491407,346645,124,28.746
121710,118566,85,60430,59065,83,1631,1639,20,2993,2802,29,7722,7088,49,13113,12945,60,266665,253751,100,28.749
196617,159002,96,72350,57929,94,2659,2095,27,4676,3794,43,10973,8781,64,18387,14607,82,384448,313782,112,28.753
153593,125644,94,54423,45176,90,2312,1843,24,3835,2956,40,8483,6963,52,13676,10859,80,295897,248094,108,28.755
108185,104704,83,37412,36460,79,1621,1544,18,2708,2661,29,6645,6442,46,12162,11827,65,251713,239824,98,28.7671
214827,169163,103,69732,54575,98,3137,2706,30,4556,3604,44,11729,9245,67,21411,16706,86,439814,365947,116,28.7741
82216,82507,76,24680,24772,62,1371,979,0,2718,2179,26,4144,4297,35,8311,8936,48,185325,179396,94,28.7741
88609,85377,85,36691,36394,78,898,992,0,2536,2302,29,4854,4574,39,9249,8714,55,178905,174721,96,28.7771
145556,123596,94,44579,37356,89,1679,1452,21,3114,2779,32,7158,5817,49,12600,10709,64,269395,237475,107,28.7831
115564,112467,85,36860,36126,80,1475,1602,17,3348,3421,30,6939,6137,46,10805,9594,67,230751,217979,98,28.7961
164387,153226,100,69259,66282,88,2438,2233,26,4763,4503,37,9609,9084,55,18005,16790,69,382051,348436,106,28.8011
119621,110718,87,58169,53618,85,1134,1303,13,2405,2479,27,7112,6747,47,10594,9288,63,232196,221276,102,28.8141
108032,105142,84,39176,38168,80,1526,1496,20,2592,2864,28,5724,5590,41,10071,9243,55,206718,200513,98,28.8261
144535,122507,95,58263,50259,91,1957,1715,21,3901,2937,39,7553,6383,50,13501,11467,64,282114,246383,108,28.8271
188173,142498,105,62862,49255,98,1822,1226,17,4180,3227,44,8076,5950,52,14344,10920,74,291581,222077,116,28.8301
207863,178902,95,122530,109583,93,5196,4391,39,10173,8724,56,22261,19574,96,41819,36764,98,868415,741139,111,28.8311
67207,66069,83,30177,29634,76,910,624,0,995,1046,7,2896,2849,29,5578,5109,41,128302,120787,92,28.8341
115288,109394,94,45544,43404,83,1863,1448,22,3084,2642,31,6001,5570,45,10584,10004,60,218181,211611,100,28.8391
84949,84949,78,26626,26418,76,862,949,0,1446,1973,20,4560,4698,38,8256,7734,51,180533,175117,94,28.8451
149492,131579,91,44451,38370,85,1920,1373,22,3230,3268,33,6373,5843,44,10931,9205,61,243673,221196,105,28.8451
90015,88810,80,27287,27022,76,696,691,0,2572,2373,29,4050,3881,35,7010,7361,43,152374,146885,95,28.8501
89539,88934,77,27110,26635,76,1415,1117,10,2077,2174,24,4305,4255,35,7265,7542,44,156417,151253,94,28.8782
95803,94793,78,32003,31452,78,1527,1381,15,2788,2252,30,4463,4251,37,8602,7805,57,174806,165730,96,28.8862
112529,108090,85,47830,46500,82,1797,1632,21,3037,2743,30,5491,5444,39,9674,8942,54,202312,195835,100,28.8882
141196,118047,98,47191,39202,89,1962,2005,24,3916,3368,34,6753,6140,46,13260,10762,65,276960,237285,106,28.9332
211253,160504,98,80157,60295,97,2822,2231,34,4752,3706,41,9812,7580,57,17886,13273,78,352764,272013,115,28.9342
83392,83024,80,26781,26658,75,1343,1335,15,2189,2025,24,5364,5268,38,8455,8043,52,177929,171641,94,28.9382
122703,99745,95,46221,36817,88,1475,1471,19,2742,2313,33,6170,5308,49,9955,8895,53,205246,166696,105,28.9392
126715,120641,90,52810,50894,83,1819,1799,19,3289,2722,31,6939,6387,48,13188,12415,64,265604,251412,100,28.9463
143902,130830,103,53237,48925,88,1907,1746,22,3191,2961,33,7933,6988,50,12313,10577,71,256339,238894,105,28.9643
158994,132701,99,69565,59042,91,2043,1859,22,3280,2890,33,6757,5470,50,11274,9765,58,233718,204260,108,28.9693
164952,131917,111,56383,45231,93,2058,1528,24,3966,3405,36,7909,6627,53,13686,11600,66,279847,234488,111,28.9843
75885,73226,85,19197,19134,58,1110,957,0,1251,1255,12,3513,3424,31,5912,5895,42,118005,114852,93,28.9863
170518,141014,92,62155,51258,91,2339,1954,23,4755,4111,41,9232,7921,54,16188,13739,71,337308,281601,109,28.9863
162362,146516,95,58976,54002,88,1787,1735,23,3498,3438,35,8042,7474,48,13286,12274,66,291369,273798,106,28.9923
239580,170706,111,91639,68533,107,3392,2351,32,6189,3818,53,11826,8245,71,20246,15230,82,434898,320676,125,28.9963
126470,115539,85,37098,32694,86,1755,1572,19,2969,2976,30,6679,6121,44,10902,9368,59,236300,218523,102,28.9983
191796,145779,100,72160,54682,96,2143,1744,28,3898,3143,40,8017,5831,55,13640,10442,69,297904,229863,114,28.9983
147869,122050,93,52135,43983,89,2005,1766,21,3752,2963,35,8264,7434,50,14806,12686,68,326052,277118,108,29.0053
74499,71613,79,29577,29531,75,1190,1093,7,1750,1759,21,3616,3585,33,6902,6787,44,133858,130290,92,29.0093
131633,120560,89,40382,35634,85,1562,1398,19,3647,3039,35,6934,6314,47,11917,10813,63,241451,221635,103,29.0113
229326,184093,114,94362,76488,100,4278,3215,38,7177,5896,47,14313,12136,69,24867,21076,87,530165,431170,118,29.0394
273657,187942,109,102905,71373,104,3077,2330,33,6984,5309,50,15181,10252,70,24054,16967,94,503065,349469,122,29.0474
224200,168221,103,90291,68670,98,3247,2576,33,5199,4319,44,11843,8987,66,20408,16020,76,448779,353007,117,29.0474
89635,88885,80,26859,26502,76,1627,1497,17,2421,2138,29,5412,5328,41,8076,8101,48,177149,169694,95,29.0554
224768,163009,114,83093,60425,108,3134,1948,33,4906,3719,47,10423,7539,63,17476,13239,74,362766,267941,126,29.0744
101471,97433,82,38967,37448,80,1183,1071,12,3055,2930,30,5264,5399,39,9703,8574,53,194367,179913,98,29.0764
162005,141459,98,57952,50257,91,2068,1761,22,4272,4024,39,9752,8674,54,17035,15393,71,358615,318141,110,29.0794
107657,104705,83,23628,23169,70,1491,1449,17,2591,2579,31,5688,5521,41,11479,11154,57,233563,220170,97,29.0794
152159,119572,96,61536,48327,94,1835,1447,27,2962,2915,33,7672,5713,51,13247,9785,76,307874,244939,111,29.0924
111103,108054,82,42687,41959,80,1542,1586,16,2265,2570,28,5323,5234,37,8350,8092,49,195702,182353,98,29.0934
231153,174297,105,93073,70459,101,2897,2342,27,6203,4567,50,11639,8915,61,18591,14549,73,403476,311494,119,29.1054
272689,222351,113,114276,96094,112,5433,4692,38,10695,8736,64,20380,17758,84,34395,28224,116,681054,542769,129,29.1074
111826,107436,83,35864,35010,80,1812,1658,20,2967,2544,26,5930,5671,41,10748,10581,54,217410,206009,99,29.1305
89927,87807,79,35299,34864,77,1328,1367,14,2133,2031,26,5147,5032,39,10168,9903,61,201689,194509,95,29.1415
167429,140168,94,50319,41190,89,2146,1570,23,4000,3326,40,8246,6583,49,14130,12434,66,288429,248783,108,29.1515
87727,85827,81,34589,34257,77,993,1050,6,1622,1457,17,4537,4273,36,6643,6377,47,150073,142346,95,29.1535
86146,83578,82,31857,31303,78,920,1042,4,2052,1698,23,4198,3906,37,7272,7131,43,146469,138343,96,29.1545
201328,145559,119,66778,48299,100,2221,1816,28,4334,2840,43,10027,7368,67,18724,13136,82,383993,283290,119,29.1555
179642,148004,98,63620,50450,95,2252,1835,25,4548,3474,39,9170,7648,57,15089,12678,64,337119,280005,112,29.1555
138081,129044,89,43822,41362,86,2270,1997,25,4512,4373,35,9626,9029,54,16052,15242,68,331337,315519,105,29.1565
136438,129749,86,60911,57530,83,2283,1874,25,3536,3808,32,8103,7705,50,13005,12841,61,300296,289361,100,29.1685
80767,79144,83,32063,31743,76,1063,1108,8,1180,1356,14,4198,4441,36,7779,7305,47,159010,151546,94,29.1695
114357,110135,87,35922,34859,80,1213,1279,13,2957,2931,31,5858,5997,39,9334,8972,55,203082,190603,99,29.1715
149378,127635,91,55887,47817,89,2081,1530,23,3352,3220,37,7822,6688,49,13211,11736,62,286934,252401,106,29.1745
189668,148984,98,71387,59313,93,2809,2230,31,4632,3839,39,10276,8491,55,18284,15171,74,373785,310349,112,29.1915
116661,114444,82,28409,27756,78,1361,1426,14,3897,3633,36,7409,7352,46,13052,12805,61,273135,264512,98,29.2025
84525,83778,79,24348,24459,64,977,968,0,2422,2278,26,3767,3826,36,6474,5990,47,151900,147856,94,29.2035
279319,199749,113,110093,80579,113,3169,2304,34,7293,5327,56,15309,10692,78,25565,18883,111,569375,418696,131,29.2085
108868,104738,84,44750,43517,81,1925,1583,20,3306,2951,32,7058,6660,44,11621,11252,58,266221,258075,98,29.2396
99915,96996,84,27698,27195,78,1532,1463,15,2325,2357,25,4871,4698,38,8445,7461,52,177895,172075,98,29.2446
212290,179807,103,97970,84422,96,3971,3433,33,6977,6161,45,15482,13430,68,25586,22720,96,531470,457275,113,29.2456
108325,105623,86,48511,46759,82,2076,1932,22,3035,2738,29,6786,6393,48,12072,12162,60,253616,242234,99,29.2586
125447,120189,83,46942,44717,83,1764,1664,20,3077,2755,33,6243,5730,44,9928,9569,56,221332,208239,99,29.2626
161090,138393,95,57699,49532,91,2377,1928,27,4114,3292,38,8474,7193,53,15235,13841,70,308061,276858,108,29.2656
74572,73737,78,24843,24940,74,1520,1350,12,1896,1805,21,4811,4690,37,7814,7481,48,164829,158473,92,29.2686
71888,72271,77,22472,22391,61,1181,1016,4,1860,1769,23,4374,4545,33,6955,6865,41,154083,151483,93,29.2796
160307,134494,95,60343,50251,91,2204,1749,24,3617,3061,34,8067,6855,52,14179,12210,62,305594,264622,107,29.2926
90958,86880,83,33942,33169,80,1438,1436,16,1731,1950,23,4804,4768,38,9221,8909,51,195031,183016,98,29.2996
113038,110060,82,44963,43370,80,1755,1894,20,2758,2905,28,6088,5715,43,10435,9462,63,226956,219624,98,29.3006
79538,79101,77,31901,31268,77,1078,1320,15,1499,1364,20,3666,3548,33,6589,6581,43,137316,130958,94,29.3187
101163,99462,83,31512,30853,79,1790,1701,18,2965,2700,31,6833,6769,46,12798,12316,62,242924,233346,97,29.3217
82206,80909,83,33638,33247,76,1181,1249,11,1931,1830,25,4026,4179,33,7947,7569,56,148964,146748,95,29.3227
140703,127005,96,55789,51347,86,1993,1897,21,4021,3744,34,7552,6770,46,13906,13045,63,281006,257379,104,29.3337
95752,93978,81,45160,44758,78,1758,1528,20,2574,2356,27,5211,5143,38,8421,8603,49,174851,165955,96,29.3347
200541,171160,98,79945,68883,93,3574,2893,31,5822,4700,45,11665,10193,60,19627,17625,84,410244,366964,111,29.3367
188740,145309,97,63149,48985,96,2471,1926,25,4619,3647,42,9672,7987,53,17949,14023,78,345575,274103,113,29.3577
117031,102089,88,43812,37277,85,1866,1404,25,2465,2031,32,6438,5653,48,11201,9987,63,238651,211574,102,29.3687
247826,178297,116,74046,51333,114,3100,2402,32,5751,4452,46,12924,9487,63,21198,16027,88,451255,331418,132,29.3697
129331,122540,89,41813,40117,82,1943,1905,20,3682,3272,36,7481,6814,50,11950,11133,54,270387,239833,100,29.3707
190359,154579,97,61610,49425,94,2288,1945,26,4600,3571,39,10075,8297,58,16784,13684,71,347415,287167,113,29.3747
101315,97855,89,43203,42584,80,1228,1193,10,2645,2333,30,5258,4916,41,8501,8553,50,205333,200020,98,29.3867
96766,95032,82,38499,38027,78,1472,1478,16,3024,2539,33,5740,5633,40,10094,9896,49,215473,203065,96,29.3877
177110,128991,101,68962,51310,99,2471,1808,27,4539,2737,43,9009,6742,54,15116,11391,72,344517,253158,116,29.3918
195060,159802,99,131479,113941,99,2782,2287,30,5377,4474,47,11569,10157,55,19169,17527,71,443225,383624,115,29.3958
167128,137798,93,54772,44597,91,2346,1945,27,4488,3403,41,8976,7534,54,15537,13642,69,319178,263018,109,29.4008
215217,162238,119,74341,54913,101,2629,1763,30,4536,3601,40,9025,6536,57,15182,10946,74,332008,252491,119,29.4038
95100,93554,79,36428,35261,78,1015,1026,5,2286,1961,26,5000,4556,39,9520,8999,56,196249,189628,95,29.4048
144075,136249,89,62488,59674,87,2175,2135,25,3648,3732,33,7732,7474,46,13521,12923,64,284401,268379,104,29.4078
106531,104397,82,41916,40459,79,1019,973,0,2112,1880,22,5097,4828,41,7797,7546,44,179247,168744,97,29.4078
239529,173571,119,90337,68044,106,3279,2550,32,6128,4599,49,14527,11090,71,24673,17899,102,528837,401750,124,29.4088
119544,115758,90,42811,41757,80,2172,1855,22,3365,3135,31,6891,6515,47,12244,11864,59,266041,244695,98,29.4128
107069,104569,83,52097,50779,81,1886,1903,20,2897,2573,29,6639,6552,43,12108,12192,61,236593,223974,98,29.4138
150364,126603,89,42172,34737,87,2353,1994,28,3949,3112,38,8949,7637,52,16094,13206,74,331639,295175,105,29.4178
149868,126289,95,61587,52731,90,2062,1949,23,4044,3323,36,8428,7203,53,15105,13101,73,330428,282094,107,29.4178
56549,56820,75,19869,19745,57,871,744,0,1210,1230,13,2821,2711,28,4533,4006,39,94781,91981,89,29.4188
162655,137760,92,59602,49828,91,2020,1529,21,3768,3374,38,8121,6540,51,13224,11293,62,267874,236532,104,29.4188
143262,117748,92,45394,36996,90,2032,1845,23,3061,2416,34,7087,5980,47,12863,10759,68,273532,231138,108,29.4248
214085,174085,99,67471,54711,96,2824,2224,29,5769,4988,47,11719,9495,66,21059,16968,83,451710,379436,114,29.4278
114205,110907,84,37317,36745,80,1887,1770,21,3230,2911,31,6026,5806,41,11988,12090,57,236575,231927,99,29.4368
99317,96788,84,29021,29006,76,1357,1242,11,2173,2037,22,4555,4390,39,8981,8535,56,188526,176113,96,29.4378
199384,154470,98,100324,81482,96,3970,2905,37,6396,5198,46,13783,10963,72,22294,18014,86,471250,368694,114,29.4398
82158,80964,81,30828,30365,77,1027,1085,5,1877,1920,26,3666,3547,35,6395,6492,44,142026,137642,94,29.4438
104335,102666,81,28406,27820,78,1620,1774,20,2826,2608,32,6065,6119,41,11532,11218,66,232550,223979,97,29.4448
195425,167160,98,89138,76146,98,2541,2303,26,5074,3684,45,10968,9543,53,19346,18258,79,390072,346731,114,29.4448
79031,79167,81,32846,32191,77,1276,1203,12,1782,2022,22,4103,3914,34,7425,7080,46,171687,163618,94,29.4518
100176,99593,96,34888,34305,78,1415,1235,12,2603,2594,26,5490,5255,40,9844,9636,53,199176,191329,96,29.4538
102757,99484,81,31402,30627,78,1232,1262,13,2294,2063,27,5514,5412,38,8400,8744,49,196301,188099,96,29.4548
193458,156835,106,65968,53340,98,2639,2163,30,5900,4715,45,12113,9871,67,21483,18422,86,430960,358037,116,29.4548
103244,100319,80,33269,32376,79,1027,1494,15,2776,2595,27,5602,5152,40,9067,9119,54,189950,181994,97,29.4558
88821,86835,83,33926,32928,78,888,912,0,1990,1846,22,4168,3949,35,8376,7470,52,152226,147737,96,29.4568
220864,170471,108,77055,58626,105,2872,2127,31,6016,5222,45,13241,10491,65,21600,16845,86,478836,398742,123,29.4608
166034,136003,92,40808,32583,89,2422,1824,27,3564,3198,36,8378,7187,52,13836,11617,67,282490,244484,110,29.4658
99535,97040,85,29880,29552,78,1214,1369,14,2011,2228,26,5677,5496,43,9044,9267,49,201111,190239,97,29.4668
167647,146945,92,77634,70011,89,2760,2581,29,5248,4784,44,12444,11118,65,18993,16456,78,407107,355805,108,29.4788
139540,123760,105,51079,45474,86,1705,1518,20,2505,2560,27,6406,5615,46,10763,9511,55,219399,200889,105,29.4798
82714,79786,84,25866,25299,76,1332,1433,16,1961,1985,22,4415,4040,36,7786,7068,52,173923,168415,95,29.4869
140038,113484,93,49634,39257,89,1738,1903,21,3479,2719,37,8230,6426,52,13863,11621,66,297346,245663,106,29.4879
113179,109890,84,45717,44164,81,1851,1607,17,2894,2979,28,6781,6388,45,11415,11273,54,256812,252539,99,29.4899
88940,85695,84,36517,36023,78,905,945,0,1579,1716,20,4564,4596,37,7476,7883,47,164681,157445,96,29.4919
170982,140042,100,52837,43493,91,2255,1779,26,3914,3469,38,8226,7296,49,13947,11858,75,278329,238827,111,29.4979
244343,169115,108,80040,55276,105,3388,2161,39,5151,3363,47,12243,8852,66,20183,14481,97,415564,304945,123,29.4989
148624,121730,100,50130,40912,90,1997,1458,22,2613,2933,29,7088,5922,47,12588,10816,69,276939,231188,108,29.5129
164902,132102,94,52649,40986,94,2040,1848,26,3425,2948,35,8592,7135,53,15702,12821,74,323662,264012,111,29.5189
59567,57971,75,18616,18609,55,695,499,0,1652,1629,16,2732,2802,27,4875,4690,40,101176,99736,91,29.5289
263840,194763,121,100998,79855,105,4028,2642,38,6492,4883,44,14080,10455,71,23530,18143,86,523114,403332,125,29.5359
241959,187882,117,111630,87141,108,3308,2637,37,7035,5919,46,14160,11136,70,25226,20896,94,495381,411327,124,29.5399
176371,148643,98,79859,69025,92,2286,2057,26,4479,3903,41,8812,7497,56,15852,13550,74,318505,290641,110,29.5409
155653,129317,95,56737,46932,91,1972,1629,26,3548,2905,37,8223,7086,50,15317,13444,69,313297,268696,108,29.5429
81806,81468,77,30134,29617,77,1355,1292,16,1830,2183,23,4688,5072,36,8066,7974,43,177589,170630,94,29.5469
136080,120606,91,55871,49001,86,1499,1217,17,3229,3053,32,6748,5661,49,12104,11034,60,250871,218047,104,29.5509
80728,80568,77,25572,25383,75,1331,1025,5,1779,1620,23,4610,4692,37,8608,8224,51,185350,181869,94,29.5509
78052,76602,92,20119,20244,58,549,682,0,1545,1929,18,4034,3846,35,6257,6356,40,144766,140483,94,29.5549
122883,112427,89,27521,24388,85,1387,1384,18,2760,2530,27,6587,6159,46,11555,10217,65,246479,229830,103,29.57
82970,81522,79,23338,23333,70,1530,1370,16,1956,2037,25,4309,4477,35,7317,6659,48,157359,154656,95,29.572
49279,47701,74,18941,18907,57,598,619,0,465,539,0,2110,1964,23,2761,2740,29,72557,74710,87,29.575
208059,163694,106,73890,59457,96,2917,2160,30,5111,4195,44,10959,8865,59,18472,14727,95,371744,314057,113,29.576
88324,85204,90,32782,32341,77,1361,1274,13,1070,1181,12,4239,4618,33,6204,5834,42,136149,134087,94,29.577
96792,92019,89,46598,45530,80,2080,1595,26,2968,2913,31,5783,5593,41,10206,8994,59,207317,197920,95,29.577
80799,79996,79,28656,28394,76,744,825,0,2212,1776,25,3939,3524,35,5761,5696,41,134283,133029,94,29.587
162000,134469,94,59282,48868,91,2001,1780,25,4209,3386,37,7431,6206,52,12403,9721,67,263123,224228,108,29.589
103817,102242,80,21451,20816,60,1053,1111,6,2331,2371,23,5819,5719,44,9757,9184,54,203281,197653,96,29.597
78493,77305,78,27558,27316,75,1338,1176,15,1990,1838,25,3877,3663,35,7157,7088,42,148272,144034,93,29.607
162787,143434,91,70620,62202,89,2352,2015,26,4238,3724,36,9453,8847,53,17856,16106,69,359186,331848,106,29.608
78180,77801,78,32326,32170,77,1379,1200,10,2032,2338,22,3890,3516,34,6441,6560,42,139464,139572,94,29.61
96565,96070,79,34592,34241,77,1463,1444,14,2909,2546,31,5510,5444,43,10396,10457,51,220073,211932,95,29.621
136563,130069,88,46527,45076,83,1981,1919,24,3334,3320,32,7554,7432,45,15146,14008,75,291711,270651,102,29.623
148853,119474,100,57983,48413,90,1852,1599,20,3547,2858,39,7563,6033,56,13969,11260,70,291786,242297,108,29.63
137458,113736,91,46301,38300,88,1818,1550,22,2518,2318,31,6797,5697,47,11324,9616,67,228132,191128,103,29.638
142157,118068,90,45511,36713,88,2566,1925,29,3532,2881,35,8051,6362,54,13192,11063,65,292999,240877,105,29.658
172196,155723,93,57574,54414,89,2798,2697,27,5130,4694,43,9829,9098,54,17769,16940,68,365281,325575,108,29.6641
190245,154201,112,57515,45956,95,2354,1851,27,4201,3629,37,9299,7702,56,18155,14069,82,358092,294401,112,29.6641
162014,139909,92,58099,49724,90,2494,1983,24,3971,3546,39,8426,7358,49,14427,12119,72,311514,266644,108,29.6651
130059,107519,101,44404,36086,87,1957,1575,22,3075,2668,35,6698,5849,44,12624,9581,61,263654,220532,105,29.6661
160041,130964,96,59070,49019,92,2634,2097,28,4141,3352,41,8834,7068,51,15616,12904,78,335980,281618,110,29.6661
107075,103108,83,27134,26733,72,1423,1377,16,2570,2438,29,5632,5832,39,9869,9732,49,205086,195610,99,29.6671
117341,109208,87,45535,42507,82,1856,1649,22,3199,3291,33,7618,7417,47,13628,13683,69,272471,259660,100,29.6731
81028,80110,79,28822,28294,77,736,836,0,1707,1540,22,4246,3958,35,6887,6998,44,145367,136262,94,29.6801
233754,191584,103,123726,107916,99,4270,3832,36,8762,7002,61,18337,15850,72,31495,27190,101,676146,587204,116,29.6861
147297,125142,89,53443,44298,89,1854,1483,20,3934,3225,40,7754,6645,52,13718,11772,61,305538,272700,106,29.6961
108958,106122,92,45820,44471,80,1352,1073,8,2961,2703,32,6995,6638,47,11415,11129,61,266169,255889,99,29.7001
194457,154191,107,64366,52325,96,2617,2399,27,3925,3401,36,10255,7930,61,17105,14137,76,362674,300820,114,29.7011
81289,80250,81,29180,28699,76,1171,954,0,1594,1757,22,4149,4031,35,7320,6726,51,163110,157257,94,29.7101
76256,74991,85,35264,35181,76,1455,1463,15,1802,2317,20,4288,4000,38,8444,8415,50,170002,167187,93,29.7121
88414,86139,91,39405,39219,78,925,1010,2,1888,2041,22,4302,4082,35,7834,7543,50,172703,164932,96,29.7241
145147,121000,90,58113,49338,89,2300,1631,27,3738,2927,41,7227,6147,49,13937,11660,69,278917,233227,106,29.7251
167101,142639,95,50406,42187,90,1912,1660,24,3627,3330,33,8369,7129,52,12827,10670,67,287532,254722,109,29.7291
111314,104513,95,39925,38170,81,1595,1314,16,2632,2722,27,6128,5789,44,11124,10410,57,232585,221667,99,29.7331
136546,124304,97,53873,49394,85,2102,2069,23,3404,3293,31,8063,7934,48,14350,13390,60,311037,297683,102,29.7421
87559,86049,82,32668,32400,77,1163,1129,9,2162,2087,25,4156,4216,36,7284,6840,47,157593,152392,95,29.7451
147865,128998,97,42162,37700,86,1466,1384,18,2747,2738,28,7179,6681,47,13072,11427,65,266944,243123,106,29.7491
197206,144607,100,68565,49150,98,2735,2108,29,5057,3848,45,9922,7413,65,17675,13220,77,358451,265420,115,29.7491
47792,49802,72,17810,17869,51,759,597,0,986,1041,5,2631,2754,28,3994,3996,34,88066,88801,89,29.7552
106983,103982,91,50668,49666,81,1453,1482,15,3593,2985,37,6379,6053,44,11854,11582,56,236825,224991,98,29.7622
109018,107347,83,37941,36874,80,1311,1288,14,2454,2481,29,5377,5410,41,10004,10004,53,215780,205446,98,29.7652
81530,80113,79,28995,28713,75,864,1074,6,1899,1562,21,4408,4163,36,7484,7023,44,160711,154430,94,29.7742
143797,124943,91,44494,37243,88,2553,2079,27,3886,3480,38,8136,7238,46,13995,12274,70,309355,272206,105,29.7752
85583,84931,78,41234,40945,77,1184,1122,8,2030,2198,24,4496,4587,36,6745,6467,51,149734,148868,94,29.7782
196254,158448,95,73811,57461,94,2644,2091,29,5099,4701,43,10239,8442,58,16776,13981,78,375263,318824,112,29.7792
242559,197006,112,112765,93224,107,4726,3883,38,8952,7920,51,18607,15903,83,30524,25912,101,617191,540595,124,29.7822
110922,108529,82,37528,35995,80,1419,1504,18,2664,2875,25,5973,5998,39,12526,12454,55,247542,237038,98,29.7832
73177,74204,77,25072,24770,70,1066,1001,1,1474,1693,18,3501,3279,34,5431,5649,41,123143,116673,92,29.7922
201166,140615,103,72030,50645,99,2822,1977,31,4505,3212,42,9069,6420,60,14744,10481,70,328931,230742,117,29.7932
117781,108283,86,48697,44513,84,2094,1742,24,3067,2443,37,7756,6969,50,13791,13075,64,285690,272015,101,29.7972
117653,109937,84,36597,34007,81,1983,1917,22,2820,3031,31,7594,7312,44,13857,12785,66,278973,267125,100,29.7982
89970,88988,80,38746,38314,79,1233,1055,6,2333,2112,28,5421,5272,39,9565,8879,60,193350,195019,96,29.8022
121488,107720,92,46090,40551,85,1840,1401,22,3061,2916,35,7501,6657,48,13192,11739,68,264730,243927,102,29.8092
129222,124782,85,81090,78740,84,2174,2174,24,4667,4215,40,8861,8844,50,15001,15060,62,317538,293991,100,29.8182
94774,95176,81,39798,39080,78,1189,1188,10,2846,2361,28,5325,5213,41,10337,9824,62,198771,188840,95,29.8232
112422,108496,82,37925,36949,80,1554,1536,16,2699,2921,25,4814,4876,38,9170,8721,55,197001,186233,98,29.8272
113085,109037,82,34874,33923,80,1271,1440,12,3043,2905,31,6375,6170,43,9860,8858,57,233559,221945,99,29.8292
223787,163922,104,85870,64055,102,2870,2070,34,5205,3822,49,11582,8575,59,20809,15350,87,431746,326173,120,29.8372
149408,131786,91,45291,40010,87,2174,1633,22,3097,3054,29,7169,6297,46,12082,10878,67,252853,236468,106,29.8473
56555,57623,74,18090,18092,54,729,1026,3,1394,1305,14,2676,2562,28,4503,4017,48,103343,103034,89,29.8493
170244,142418,95,63344,52030,92,2504,1891,28,4317,3878,39,10138,8633,61,17324,14735,85,379833,326281,109,29.8543
212424,163568,101,74501,55174,100,2392,2145,29,5894,4427,43,10223,7941,60,17724,13827,80,380871,302822,118,29.8583
111683,106610,84,41064,38961,81,1476,1642,18,3476,3107,34,6682,6289,47,11467,11003,59,240349,229523,99,29.8633
162856,124712,95,57702,43882,92,2814,2233,33,3237,2817,38,8424,6404,50,18000,14376,94,351525,266332,110,29.8643
128998,111761,93,48219,42829,87,1455,1547,18,3340,2814,31,6599,5930,44,11661,10909,67,244062,216479,104,29.8733
103349,101086,85,41579,40941,79,1960,1748,22,3084,3226,30,6638,6622,44,12427,11971,67,253868,248157,97,29.8763
243194,209158,102,123125,105312,102,5198,4372,38,8066,7640,53,18649,16166,75,32105,28639,102,630724,554856,118,29.8943
156739,125187,98,53016,42479,92,1834,1425,24,3869,3143,40,7869,6038,51,14018,11180,77,295572,236336,110,29.8953
80670,80054,82,30026,30010,77,960,1138,7,2347,1872,24,4230,4011,38,7253,7499,45,150855,143248,94,29.8993
73444,74906,76,16785,16733,52,868,958,0,1422,1517,18,3956,3736,34,7195,7139,44,151223,152021,92,29.9013
167056,136294,99,52190,42471,91,1886,1707,21,3998,2903,40,7694,6416,50,13414,11334,61,293118,249385,110,29.9083
149339,121601,102,40641,33273,90,2605,1820,28,3405,2798,38,7337,6343,47,14291,12272,67,289669,244708,110,29.9093
102939,99483,85,46365,45701,80,1395,1156,13,2240,2130,25,4652,4501,38,8650,8186,48,194007,184313,97,29.9103
162888,131409,94,60475,48435,93,2407,1900,28,4385,3452,39,8462,6904,54,15048,11708,69,325376,262423,110,29.9143
174694,140416,98,70188,56089,93,2353,1646,27,3833,2726,43,8250,6564,54,15485,11778,71,308617,250065,110,29.9153
161653,136949,93,56892,46795,92,2370,1821,28,3787,3219,36,7779,7027,49,13869,12319,63,283436,247657,109,29.9163
190547,146191,101,66859,50694,99,2705,1944,29,5212,4308,42,10322,8201,59,16860,13659,70,369031,289774,117,29.9253
114248,110390,87,40730,39653,81,1337,1510,17,2827,2788,27,6918,6685,45,11517,10741,56,244616,233992,99,29.9354
105352,103020,82,37133,36385,78,1971,1631,21,2596,2643,29,6255,5982,42,11095,10720,54,237357,227677,97,29.9424
146759,125434,97,55334,46928,88,2123,1499,24,3926,3110,43,8491,7281,54,14376,12553,62,308535,272020,106,29.9474
88262,84151,80,18634,18448,54,1305,1489,12,1869,1991,24,4619,4664,35,8017,7069,50,179935,171786,95,29.9494
158255,132853,94,53686,45367,91,2480,1967,27,3989,3583,36,8226,7113,50,14049,11926,65,269934,231627,109,29.9494
145237,123918,92,56040,48240,88,1605,1414,21,3758,3328,37,6866,5835,48,12291,9939,66,255126,223276,106,29.9514
68061,69055,76,27271,26809,75,825,844,0,1779,1960,21,3685,3647,34,6628,6150,49,141262,138287,92,29.9524
130871,123209,102,29128,27943,81,1680,1657,19,3480,3504,31,7433,7280,46,13110,11874,56,279680,265449,102,29.9554
179844,148793,98,76637,62909,94,2665,2147,31,3865,3817,36,9717,7901,59,16333,13697,64,335691,292207,110,29.9654
104004,102671,82,33385,33195,79,1532,1670,16,2622,2721,28,6157,5977,47,10605,10463,59,222968,217131,99,29.9654
161814,145545,90,56921,50155,88,2029,1829,23,3948,3693,35,8591,7850,51,15842,14048,77,329521,307716,106,29.9694
147022,122894,96,55597,46097,91,2460,1979,28,3688,3391,36,7845,6521,55,14038,11892,67,302817,260850,108,29.9784
248860,202366,107,117615,95019,102,4199,3473,36,8373,7673,50,16070,13395,72,28070,24001,100,572838,509161,119,29.9844
182604,141162,102,59234,46056,97,2560,1869,27,3774,3214,36,9429,6933,59,15822,11759,74,336931,261353,115,29.9864
135964,116723,96,51949,45498,88,1787,1605,20,3234,3242,33,7818,6899,47,12660,10815,68,258168,227443,106,29.9914
133907,126958,87,44419,43059,84,2045,2145,23,4787,4195,40,9780,9282,52,17544,17028,79,351700,335835,102,30.0044
146630,122805,90,50462,40932,90,1902,1404,20,3698,2869,39,7439,6227,49,12980,11014,60,296576,252729,107,30.0044
93312,92037,81,37037,36702,78,1127,987,0,2063,1930,25,5148,4955,41,8245,7751,58,182932,176615,96,30.0044
89691,89012,80,28544,28243,77,1009,1049,7,1988,1957,24,4781,4818,36,8287,7548,49,182267,176854,96,30.0054
111199,107055,91,42744,41041,80,1745,1577,20,3798,3076,37,7472,7357,45,14236,14016,66,285417,276997,98,30.0054
149589,128144,100,64087,55337,91,1769,1747,20,3648,3256,36,6392,5618,44,10527,9064,58,230603,203554,108,30.0074
193597,159973,96,55650,43113,95,2738,2044,29,4889,4201,37,10700,9105,58,17727,14104,79,361776,302064,112,30.0084
91133,88879,85,31838,31220,77,1315,1301,12,2293,2569,21,5061,5039,40,8891,8948,47,179161,172459,96,30.0134
273869,189900,115,96343,67425,114,4029,2944,38,7177,5891,51,15028,10973,72,25139,18122,94,534639,381694,132,30.0144
193509,146279,104,61703,47143,97,2379,1964,29,4192,3067,41,9739,7657,61,17150,12656,74,360045,280208,115,30.0205
157426,126616,98,65630,53156,92,2401,2069,25,3682,3254,37,8244,6478,52,13232,10840,65,289035,243308,109,30.0245
190818,149914,99,64095,50114,97,2223,1790,29,5226,3845,45,11045,8741,60,19904,16098,74,419948,335419,114,30.0255
102280,100612,83,35801,35285,79,1326,1443,17,2797,2590,32,5539,5257,42,11723,11100,57,234582,220172,97,30.0375
103324,94595,88,44561,39824,82,1387,1112,10,2516,2314,29,4981,4268,41,8834,7158,51,191087,176972,99,30.0445
60505,61499,70,24565,24801,66,751,799,0,1203,1401,18,2346,2397,26,3460,3679,30,90578,88683,90,30.0445
254641,176652,119,80388,54931,115,3465,2490,36,6894,4961,49,14623,9951,71,26375,19006,99,545842,398127,135,30.0465
145077,137193,86,58514,55542,85,1963,1810,25,4204,4279,33,9465,9118,55,16564,16308,71,369106,347304,103,30.0475
116097,101586,86,51938,46354,85,1668,1268,14,2972,2470,33,6379,5616,48,12187,10464,69,237118,206187,102,30.0535
203455,170742,99,107582,92964,98,4409,3896,35,6745,5858,50,15834,13965,75,26982,24727,97,543298,493774,115,30.0535
115046,109048,100,46858,45597,81,1587,1499,16,2543,2666,29,6202,6152,43,10589,10212,56,242072,229019,100,30.0615
73187,74324,79,23323,23476,62,862,1228,9,1817,1596,18,3661,3739,32,5972,6184,39,131368,127394,93,30.0635
158796,129981,95,49854,38051,92,2311,1640,28,4434,3074,41,9119,7595,56,17226,13483,83,361912,301883,108,30.0765
95317,92407,86,31706,30987,79,951,1138,9,2210,2023,30,4743,4670,38,8464,8547,50,173948,166488,98,30.0765
99402,95489,86,25605,25236,77,1131,1122,10,2329,2799,25,5982,6077,41,12069,11173,68,246207,230341,98,30.0835
170964,140993,96,58377,48112,91,2300,1900,26,3785,3322,34,8660,7186,51,15354,13562,73,315471,276520,109,30.1005
136538,120319,86,51509,43448,87,1851,1819,20,3331,3281,31,6907,6037,45,11473,9876,60,239061,205382,103,30.1055
99873,94175,89,31724,30985,78,901,1149,9,2084,2153,22,5100,5144,39,9213,8830,48,200577,187741,97,30.1055
111745,106418,84,48658,46174,80,1708,1373,16,2322,2329,26,5938,5874,40,10496,9743,58,223389,215612,98,30.1065
95276,94067,81,26033,25963,72,1658,1551,17,1975,1919,22,5468,5183,40,8542,8980,48,186453,180030,96,30.1146
109971,106772,83,33836,33214,80,1283,1452,16,3074,2596,27,5044,5051,38,8907,8444,49,183473,170653,98,30.1476
125037,118521,88,39886,38476,83,1400,1445,14,3070,2986,32,6350,5869,44,11858,10967,67,253273,237134,101,30.1536
113894,110314,84,46058,44128,81,1640,1559,17,2474,2887,28,6982,6471,47,11519,11349,56,240870,228905,100,30.1576
241810,158781,121,83286,54663,110,2971,2175,34,6138,4006,52,13775,9555,75,23449,14845,105,509093,339408,127,30.1576
112997,111132,83,28786,28468,68,1666,1847,19,3138,2591,34,7775,7676,45,13825,12890,63,284633,268378,98,30.1576
253596,179348,122,96339,67210,110,2981,2099,32,6294,4708,49,12450,9009,62,20540,14081,86,469455,337177,128,30.1586
176555,141201,99,72507,58059,96,2906,2408,30,4643,3368,44,10037,7862,63,17249,13456,73,377464,301296,114,30.1616
166591,138999,92,57154,46173,93,1387,1283,14,3615,3172,36,8441,6995,50,15307,12937,71,315800,261946,109,30.1656
60637,60599,75,16087,16032,51,769,650,0,1145,928,0,3127,3328,30,5090,5315,39,106545,104807,91,30.1706
64071,62799,78,24898,24840,72,906,804,0,1365,1188,17,2472,2625,27,4910,4844,37,99001,99001,92,30.1756
138240,120451,88,46258,38827,87,1786,1593,20,3337,2885,31,7545,6650,49,13566,12083,62,282553,255512,105,30.1766
175306,143777,96,61800,51570,93,2250,1955,24,4234,3923,37,8466,6879,54,14686,12534,68,321547,274481,111,30.1846
92490,90082,80,30761,30478,78,1494,1638,16,2357,2171,27,4789,4661,37,9506,8563,56,209046,202825,96,30.1987
120512,113546,90,37767,35201,80,1416,1309,14,2964,2995,30,6321,6100,43,10432,9621,59,225370,223499,100,30.2017
55070,57205,81,16724,16859,51,988,762,0,1296,1119,10,3249,3188,32,5992,5771,43,119940,117526,89,30.2017
51874,51629,76,19303,19322,58,558,742,0,1536,1469,16,2781,3146,27,4548,4238,41,105181,104570,90,30.2027
179251,141623,101,49308,39687,91,2297,1811,27,4383,3516,42,9301,7329,54,16944,13623,69,341713,275224,111,30.2127
168298,135130,98,67556,53310,94,2391,1865,27,4100,3517,37,8621,7084,51,14602,11584,75,312687,252793,111,30.2207
94530,94579,79,23499,23267,64,1385,1385,15,2457,2611,25,5575,5531,38,10533,10228,55,230776,221438,95,30.2247
158795,140273,94,73403,65660,89,2081,1826,23,4102,3820,36,9184,8193,59,15108,13543,68,312247,280275,106,30.2257
207599,149723,108,155259,107552,106,5693,3987,45,12130,9513,63,26073,19201,106,43559,30920,111,948115,704561,121,30.2267
104230,101947,80,34845,32854,80,1626,1679,18,3273,3151,36,7335,7079,46,12757,11763,64,257510,247006,97,30.2337
174669,135643,108,68602,53665,95,2685,1914,31,4172,3181,40,8954,7032,54,17159,13486,81,337795,270565,112,30.2437
269762,209014,114,117650,90753,109,4882,3638,37,7952,7328,53,17425,14231,71,30318,25223,112,635094,542556,127,30.2457
167449,137588,101,54864,43316,92,2381,1772,29,3899,3113,36,9742,7693,56,16015,13706,69,360421,296892,109,30.2467
71381,70628,79,27590,27462,75,928,733,0,1669,1948,18,4001,3646,37,7146,6938,46,150154,145084,93,30.2767
244842,178755,109,94746,69287,106,3261,2183,38,6229,4520,47,12427,9438,63,21660,16145,99,461358,357498,124,30.2807
84013,83717,79,31320,31126,77,980,911,0,2292,1794,22,5023,4933,38,9455,9341,56,192524,186913,95,30.2817
210655,162773,99,75507,58850,97,3180,2350,31,5209,3843,48,10968,8615,60,21179,15988,87,429300,329026,115,30.2837
242633,184298,110,86767,66491,104,3572,2809,33,6752,5078,50,13951,11376,70,23564,19020,94,517977,407308,122,30.2867
83953,83519,80,25134,25169,76,742,764,0,1424,1458,18,3724,3874,31,6021,6570,37,142276,137574,94,30.2887
165510,138860,93,53129,44686,89,1916,1586,21,4197,3379,39,9819,8521,55,18238,14023,77,360945,308714,108,30.2948
119854,103916,91,40530,35333,84,1547,1297,15,2944,2361,33,5792,5075,45,10240,8441,57,201518,177543,103,30.3038
181338,146827,101,71698,59838,93,2742,2050,29,4438,3369,42,9548,7724,59,16138,13633,72,330404,270470,111,30.3118
40187,40173,73,20736,21308,54,494,879,0,553,589,0,1705,1976,20,3235,2819,32,69856,69952,85,30.3128
152752,119637,95,60354,47066,93,2272,1694,24,3766,3000,38,8627,6879,55,14607,11734,64,312564,244412,111,30.3128
176885,152226,94,61156,52485,89,2086,2005,22,3670,3449,39,8537,7356,53,14465,12667,66,312771,269908,108,30.3138
103787,100036,94,35932,35371,79,1715,1776,18,2786,2564,34,6330,5884,45,11173,10861,56,239445,225489,98,30.3208
160672,126701,94,56413,43228,91,2173,1578,28,3674,3151,40,8609,6854,57,15108,11871,72,342092,273682,109,30.3238
98115,94946,95,36403,35659,78,1497,1436,15,3081,2543,32,6351,6004,43,11232,10977,60,248235,245555,96,30.3398
150625,125581,94,42600,34104,91,2371,1801,24,3209,2487,36,7681,6513,51,12984,11316,66,275831,232177,107,30.3408
236160,171611,110,83623,62128,102,3239,2417,36,5678,4367,48,13398,10187,68,25443,18952,102,528640,403129,121,30.3428
111835,108259,84,37898,36990,80,1885,1839,22,3412,3171,33,6650,6492,44,11605,11260,59,259811,245769,98,30.3508
93003,89723,94,24701,24020,71,1100,1331,11,2432,2525,25,4454,4047,37,6909,7078,42,143881,137246,97,30.3518
147220,128509,90,44880,38198,88,1831,1689,22,3918,3394,36,9195,7864,56,14126,12730,65,303707,266318,107,30.3568
243989,180971,117,76342,57155,112,3438,2295,34,6204,4789,48,13909,9900,68,23780,18050,92,515898,406366,130,30.3608
151688,127681,90,49924,41174,90,1889,1561,21,4092,3646,38,8104,6566,55,15651,13073,70,322390,271042,107,30.3658
208682,158267,102,81775,62981,100,2575,1899,32,4844,4152,42,11262,8409,63,21522,16947,84,428581,335633,118,30.3678
207766,157154,100,66479,47349,98,3211,2059,35,5680,4567,49,11517,8874,62,18552,14680,86,403676,310515,115,30.3698
159913,130246,95,69512,58259,91,2136,1496,23,3883,3138,37,7949,6525,53,12946,10795,59,273535,226278,109,30.3708
123269,102512,92,47377,40752,87,1505,1397,16,2707,2183,31,5828,4994,44,10750,9162,61,209028,181454,105,30.3728
356966,252810,163,135817,98328,144,5232,4040,39,10223,7399,58,21120,16084,80,36484,27356,132,789279,612884,163,30.3899
99450,96531,84,24326,23724,71,962,890,0,2834,2377,30,4986,4648,40,8403,8458,47,179115,174388,98,30.3969
143429,132433,99,67834,63003,87,1628,1610,18,3432,3799,35,8169,7463,50,15445,14758,67,325850,312086,104,30.3979
165970,138772,95,61870,51200,92,2288,1753,26,3747,2856,37,6712,5560,50,11715,9573,64,224830,191940,109,30.3999
106319,100643,84,37288,35595,82,1520,1561,16,2962,2960,29,5863,5576,45,8735,8555,52,207496,200102,99,30.4069
75541,73283,86,33702,33472,76,837,1045,4,1683,1711,17,3625,3673,32,8315,8664,50,154636,152238,93,30.4159
264656,189424,129,108743,79969,126,4044,2945,37,7656,5306,50,15596,11149,68,29280,21498,110,605821,422426,144,30.4169
102519,97937,83,38053,37149,80,1405,1476,16,2568,2625,25,5070,4800,41,8621,7802,50,192773,187578,98,30.4189
234827,178631,105,85083,65219,101,2988,2193,29,5432,4828,44,11107,8449,59,19637,15124,79,402234,314000,120,30.4329
119660,109224,86,54643,50133,84,1935,1556,19,3013,2650,31,7497,6863,48,12621,11183,70,260416,243161,102,30.4329
180190,142872,105,69482,56025,95,2354,2191,26,4240,3828,36,8925,7657,51,15905,12866,78,349817,281874,112,30.4379
106278,103101,84,42423,41258,81,1597,1378,15,2518,2334,29,5996,5633,43,10378,9780,54,229873,221588,99,30.4429
125322,119358,87,45665,44565,81,2199,2121,22,3354,3607,30,7708,7514,46,13651,13553,64,280116,274288,100,30.4469
84255,81787,89,29761,29426,77,1048,975,0,1900,2194,22,4190,4100,36,7245,7746,43,152029,145573,95,30.4489
257635,178807,108,91369,61944,106,2745,1729,32,6044,4181,49,12921,8843,76,22571,15396,98,454663,328167,124,30.4569
174923,138100,97,59809,45676,95,2151,1743,23,4092,3597,39,9101,7541,56,15532,12780,66,345364,285120,113,30.4629
111492,102954,84,42621,38255,84,1415,1207,13,2451,2009,25,4753,4587,39,8151,7227,59,176819,163326,100,30.4629
155337,143905,89,54063,48805,88,2167,1873,23,4925,4727,37,8811,8025,49,14910,13587,67,308899,286501,105,30.4629
162862,133047,100,50590,40004,92,2543,1912,30,4410,3955,44,9573,7414,56,17293,14399,79,361256,296170,110,30.4659
178436,138089,97,64443,49179,94,2149,1567,23,4242,3460,44,9098,6970,58,16206,12501,80,339025,272961,112,30.483
75865,75165,82,30877,30968,75,727,687,0,1750,1641,21,3369,3460,34,5853,5409,47,136510,132447,93,30.49
78488,78166,80,26260,25932,73,1132,946,0,2537,1916,32,4494,4406,39,7553,7364,44,175622,166008,94,30.49
204458,152127,113,73003,54898,102,2168,1864,25,4593,3293,43,10259,7623,56,17702,14119,74,356074,281100,120,30.493
109622,107460,82,31047,30085,78,1704,1682,18,3448,3223,32,6836,6764,46,12369,12356,60,266542,256524,98,30.497
110201,106808,85,43730,42798,80,1830,1750,18,3023,2917,30,6291,6028,46,10442,10542,54,232338,219586,98,30.508
267175,192535,118,93653,66904,115,3898,2508,38,6895,5540,49,14856,10946,71,23789,17499,100,528513,392509,133,30.51
79931,78956,85,28858,28152,77,972,1048,5,1455,1557,19,3710,3719,34,6558,6376,46,137710,130122,94,30.522
135844,121665,90,43042,37099,87,1721,1341,23,3263,3119,31,7527,6530,48,12187,11060,61,274879,251655,104,30.53
105606,102646,85,34342,33333,80,1330,1463,14,2275,2323,23,4807,4646,37,9066,8411,51,176448,166957,98,30.542
216682,184676,107,89210,76640,101,3392,2847,32,6816,5841,48,13698,11988,62,23283,19979,92,510261,452354,119,30.546
160677,150458,98,72443,69324,86,2212,2108,25,6582,5760,58,9533,9158,50,13990,13067,69,356190,328622,104,30.547
120967,115372,101,53585,52199,83,2006,1739,20,2910,2745,29,6475,5827,47,10586,9796,61,230823,223375,101,30.55
174778,146940,100,66999,55935,94,2573,2048,31,4790,3935,41,9950,8716,59,18106,17078,68,394457,353611,109,30.553
153748,138826,91,69411,62352,89,1348,1261,18,3939,3893,37,8860,7919,54,15521,13420,69,343345,316317,105,30.5661
140087,116913,92,42196,35697,87,1891,1349,24,3476,2929,36,7881,6911,48,15769,13209,81,299700,266729,106,30.5701
115836,111463,86,71421,70337,82,1877,1490,18,2594,2724,29,6369,6185,44,12403,11768,65,246357,235901,99,30.5731
144078,128335,90,61041,55286,88,1982,1862,24,3961,3499,37,7762,7027,52,13476,12182,74,263643,237473,105,30.5811
115576,109458,89,46121,44007,83,1929,1642,22,2723,2867,27,6011,5923,42,10854,10165,60,236103,225680,100,30.5821
144116,123362,94,58592,49756,91,1816,1436,18,2872,2638,30,7643,6713,54,12654,10646,64,288477,249983,107,30.5831
167253,148771,92,66939,60422,90,2419,2102,27,3953,3985,30,8581,7628,52,14432,13440,67,316039,286953,108,30.5891
86417,84113,86,32641,32417,77,1119,1131,9,2260,2099,24,4901,4652,38,8031,7774,50,189419,186595,94,30.5951
77216,75626,94,24524,24799,72,695,836,0,1479,1199,15,3697,3682,32,6905,6900,44,158561,155097,94,30.6001
112053,107018,86,44154,42254,81,1835,1433,18,2372,2556,26,6182,5851,44,10504,9664,59,216963,206717,99,30.6031
120076,117034,85,45870,44444,80,1286,1301,16,2991,2761,31,6487,6435,43,10853,10134,57,227486,218327,98,30.6211
136617,127677,90,48127,45227,85,2130,1981,23,4415,4061,37,9230,8828,57,15559,14910,70,334317,308604,104,30.6261
186738,138450,102,64926,47991,97,2889,1872,33,5284,3963,44,10337,7626,61,17856,13676,78,382794,285396,115,30.6461
156634,149492,90,54873,53341,85,3142,3057,29,4711,4506,36,10594,9735,57,18139,17075,80,396808,358359,104,30.6672
83180,80279,85,34714,34466,77,715,1099,7,1859,1837,19,4297,4143,35,6767,7038,43,149475,148386,95,30.6682
85307,84123,84,38020,37676,78,1203,1016,7,2602,2142,25,3934,3918,34,6691,7276,42,153787,151429,95,30.6692
134027,121636,88,61587,54754,87,2291,2139,24,3621,3257,34,7654,6840,49,13973,13200,72,284468,263329,104,30.6722
204369,166935,101,51467,41269,99,2447,1984,28,5111,4081,43,9438,7887,61,16071,13688,67,351322,293186,116,30.6752
115252,110851,84,54098,52750,82,1722,1654,17,3061,3453,28,6745,6139,43,12143,11683,59,256693,243400,100,30.6792
212139,166381,104,81494,62679,99,2881,2128,32,5777,4226,46,12884,10357,68,23379,18649,102,468793,387455,118,30.6872
184904,148190,103,70594,57879,95,2005,1575,23,3757,3393,35,9062,7881,54,16342,14303,74,353363,287404,113,30.6912
99654,97705,91,36729,36227,78,1300,1623,15,2356,2427,28,6720,6717,42,10982,10255,58,238249,225565,96,30.6922
114061,109209,93,41803,40614,80,1334,1160,12,2480,2797,29,6007,6011,40,10733,9965,62,236493,225484,98,30.6942
147749,124754,91,54141,44867,89,1647,1373,15,2936,2800,34,8218,6969,52,13734,11820,63,286469,235082,106,30.6942
210975,178586,99,114462,99389,97,3664,3330,32,6869,5877,46,14339,12301,69,24234,21120,92,536585,457613,114,30.6962
95635,93896,79,29148,28862,76,1535,1540,20,2321,2401,25,4986,4807,37,9798,9583,50,199145,189765,95,30.7002
195746,151221,101,59930,46478,97,2543,1986,30,4616,3306,47,9686,7278,54,16878,12561,69,372391,292757,116,30.7052
202301,174282,95,93981,82722,93,3165,3059,31,5838,4818,47,12267,11291,64,20695,17809,77,451588,416107,110,30.7062
193974,148748,99,73672,56103,97,2595,2418,29,4602,3726,41,10603,7925,60,19341,14551,76,398166,316748,115,30.7102
179252,140432,111,64890,50683,93,2535,1953,26,4143,3351,40,9653,7977,53,16521,13313,70,344679,281616,111,30.7162
133602,117987,90,38454,33635,87,1756,1551,20,3489,2768,35,6680,5966,45,12050,11269,59,252663,227884,105,30.7352
115295,109616,91,44588,43708,82,1956,1974,20,2724,2750,29,6816,6581,47,10762,11049,60,226633,213210,100,30.7403
122694,117350,85,36942,36124,82,1383,1168,11,3171,2725,32,6670,6305,46,10340,10602,56,220356,208252,100,30.7433
128224,116073,88,49089,44146,87,2091,1807,20,3501,3309,35,8376,7640,51,14227,12951,66,306461,281650,103,30.7443
133611,118313,96,50894,46168,86,1590,1557,19,3166,2868,28,6328,5788,44,11634,10641,57,235316,217086,105,30.7493
114739,106132,87,49473,46212,84,1350,1472,18,2815,3093,28,7421,6816,44,12259,11534,65,273994,259948,101,30.7513
145410,121878,97,52801,44456,92,2301,1791,22,4411,3687,40,8130,6876,52,13734,11759,66,285487,239880,110,30.7613
76468,76378,77,31765,31703,76,1072,909,0,1932,2083,21,4309,4348,35,7639,7529,50,165573,161310,93,30.7673
166933,144348,100,54486,46571,91,2095,1719,20,3137,2912,35,8370,7351,52,12625,10056,70,291285,248887,108,30.7783
206620,176855,99,90302,78498,95,3082,2647,29,5952,5781,44,11190,10130,56,20815,18504,93,409310,369586,112,30.7793
55963,56646,76,20093,20424,55,464,567,0,1321,1182,11,2431,2637,26,4278,4172,38,90742,92957,90,30.7793
152522,141157,88,50124,46953,86,1851,1729,19,3800,3053,35,7907,7395,52,13198,12448,60,293996,279146,104,30.7833
152159,130205,93,60466,52245,88,2053,1461,26,3732,3005,38,7694,6615,52,12981,11861,58,260081,235428,106,30.7873
176051,142254,113,63097,50968,95,2074,1578,24,3820,3054,40,9662,7749,57,15252,12431,73,337742,280494,113,30.7963
126030,119427,86,64088,61044,84,1846,1812,22,3776,3769,33,8371,7630,52,15740,15188,64,309301,291647,101,30.7993
96651,96598,79,38861,37974,78,969,945,0,1420,1340,24,4383,4262,37,6635,6255,41,144416,141080,96,30.8033
131260,121660,98,37844,35060,84,2257,1922,26,3392,3595,30,7773,7296,52,13044,12850,65,282975,271216,101,30.8043
162402,135797,92,60270,48790,91,2157,1881,22,4275,4053,39,8434,7129,48,15459,12919,72,322513,272861,108,30.8083
107859,105498,85,52572,51747,80,1533,1537,18,2266,2398,27,5677,5483,41,10436,9884,58,226652,219536,97,30.8253
241455,194847,103,144548,119978,103,4007,3256,36,7767,6662,49,17060,14593,78,29446,25081,101,625808,535935,116,30.8334
105904,101783,83,39058,38362,81,1253,1138,13,2720,2549,28,5012,4911,40,8689,9214,45,192895,182527,98,30.8344
100477,98111,87,46940,45698,81,1421,1431,15,2454,2212,30,6184,6042,41,10777,10564,56,217245,211322,97,30.8384
73292,73264,78,17762,17628,54,959,1115,10,1974,1714,24,4574,4600,36,6685,6942,40,155926,151186,93,30.8414
82150,80297,80,23708,23238,70,723,724,0,1840,2051,20,4273,4014,36,8164,8135,52,180034,170760,95,30.8464
121867,115797,94,45706,44179,82,1478,1839,18,3527,3157,32,7293,7508,45,11851,11382,56,243562,227568,101,30.8504
238763,165584,106,85694,59161,102,3202,2073,36,5851,4096,49,13214,9171,65,24957,17888,95,502089,361933,120,30.8854
61906,61732,75,23170,22974,68,943,1185,9,1150,1477,14,3335,3491,31,6512,6558,43,119209,115079,91,30.8944
98538,96328,96,25292,24625,72,1459,1567,17,3145,3571,30,6537,6319,45,11362,10926,56,232340,229367,96,30.9084
261929,186194,108,93041,66331,106,3080,2060,35,7580,4931,53,13869,10036,70,25076,19297,94,527957,401076,124,30.9185
113327,111150,90,44959,44289,81,1878,1641,21,3358,3380,31,7967,7529,50,13414,14137,60,290507,276465,99,30.9385
115695,109898,99,33218,31456,81,1888,2100,22,3875,3307,34,7083,6793,46,12635,12270,63,276444,261279,99,30.9495
126924,119540,86,43366,41044,82,1672,1544,21,2697,2678,29,6255,6332,40,10801,10152,56,219945,202290,101,30.9675
146297,126119,95,60473,53587,89,1820,1734,21,3289,2773,37,6765,6131,45,12061,10877,65,246801,220296,107,30.9705
249605,165286,114,88965,61630,106,3023,2223,32,6120,4453,51,12483,8319,66,21398,14699,105,439801,299987,124,30.9815
98386,97658,79,35465,35099,78,1437,1779,19,3045,3161,30,6513,6169,44,12349,12449,60,244724,237405,96,30.9815
170588,133165,94,64786,50109,93,2573,1917,31,4100,3582,39,9699,7353,58,16811,12523,87,355235,275864,111,30.9815
85988,83274,84,26623,26282,77,1180,1386,12,2665,2127,26,5058,5238,38,9346,9582,53,192846,188181,93,30.9885
74793,74626,79,24527,24129,71,1209,1041,6,2196,1542,24,4101,4049,34,6822,6472,45,142990,138983,91,30.9945
193377,156127,97,67520,54964,95,2587,1867,30,4853,4081,46,9548,7816,59,16881,13748,85,342240,290001,113,31.0106
170987,135736,100,62527,48661,93,2139,1906,24,4179,3121,41,8853,6923,51,16410,13470,76,331205,264516,110,31.0126
153454,138937,94,56679,51562,86,2443,2323,24,3264,3099,32,7733,7248,50,12561,11668,61,272049,254467,105,31.0136
142520,124720,90,57121,49332,87,2237,1581,24,2912,2962,29,7039,6064,48,12357,10904,70,276537,240116,106,31.0176
131317,106839,108,48048,39282,90,1063,1082,7,3029,1871,38,5977,5217,48,9078,7550,56,219071,184426,106,31.0226
63852,62544,78,19855,19835,57,512,610,0,1042,952,0,3173,3181,30,4521,4845,35,108380,109467,91,31.0236
79782,77098,86,28802,28059,77,951,875,0,1338,1380,18,3756,3422,35,6442,6404,43,131765,127258,95,31.0266
253172,181618,110,77015,56863,104,3048,2418,33,5726,3803,48,13444,10245,67,21601,15597,89,481177,358316,123,31.0476
106713,101776,89,40756,39583,80,1365,1130,16,2408,2377,27,6219,6105,44,12384,11948,58,246786,241988,99,31.0706
312821,203978,134,118691,78362,131,3655,2628,34,8156,5498,56,17320,11868,72,28059,20618,111,621972,438835,150,31.0726
270445,192074,120,100351,75223,118,3928,2565,38,6532,4877,50,15246,11400,70,27257,20034,99,578985,410168,136,31.0796
121785,116495,84,62414,60588,82,1974,1796,20,3691,3226,35,6683,6503,45,12037,11429,53,263772,255220,99,31.0796
64612,64909,79,23793,23550,71,1110,947,0,1353,1571,16,3006,2976,30,5114,5180,37,101345,99946,92,31.0866
142605,125730,89,34093,29484,84,1719,1603,18,2878,2679,33,6741,5867,44,11575,9683,59,238693,212797,101,31.0886
94632,92768,80,40727,40282,79,834,923,0,1910,1630,23,4177,4105,36,7010,6687,50,149292,145454,94,31.0896
81222,79455,78,32928,32324,77,1128,1081,8,1586,1731,19,3830,3661,36,7021,6717,47,154071,149655,94,31.0946
129024,122881,84,44577,41592,83,2211,1808,24,3014,3286,28,6807,6585,44,11993,11505,60,261478,247593,99,31.0956
163848,124088,98,65023,48045,95,1788,1471,26,3755,3243,35,8338,6604,56,15389,11438,76,322389,242163,112,31.0956
103797,101886,85,30356,29711,78,1693,1629,20,3013,2875,32,6877,6579,46,13420,13133,76,271582,257169,97,31.1017
126151,116413,87,44538,40492,83,1908,1720,21,3481,2945,32,7703,7106,53,14904,14028,68,284941,267055,102,31.1057
123470,108698,86,41435,36302,85,1713,1402,19,3102,2659,29,6789,5603,46,11190,9943,62,217737,194542,101,31.1057
90294,88686,84,23624,23380,70,1421,1288,13,2656,2808,26,5923,5580,45,10882,9533,66,216116,210374,93,31.1147
143082,117099,96,44280,35010,89,1843,1449,21,3396,2946,34,6953,6180,46,13150,10510,74,266972,219353,106,31.1147
157922,137468,91,54434,46728,88,2022,1730,23,3365,3263,34,7900,7223,48,13258,11687,68,290776,259144,105,31.1167
238923,203012,100,115836,100397,99,3405,2942,32,6976,6056,51,15715,13713,66,25625,21855,87,530576,471989,111,31.1167
140946,122233,94,58256,51518,87,1828,1932,20,3394,3139,34,7869,6992,48,14167,12327,65,288964,258178,105,31.1257
146967,125750,95,68304,60923,89,1776,1551,20,3119,2736,31,6853,6295,52,11302,9666,61,227105,207540,106,31.1267
99052,97204,82,36144,35278,78,833,1094,7,2405,2350,23,5154,5327,38,8029,7169,57,171858,165587,95,31.1297
137059,115878,90,44311,37065,88,1656,1293,21,3476,3018,41,6168,5224,50,11286,10186,58,250353,216704,104,31.1297
133734,122770,93,47445,43931,86,1802,1445,20,3224,2798,32,7165,6684,45,12028,10624,60,260196,244794,103,31.1347
246650,186536,113,87326,68305,105,3011,2319,33,5705,4671,43,12730,9656,69,22096,17494,100,434839,341794,123,31.1417
77329,79353,77,16413,16591,50,829,931,0,1238,1493,18,4465,4243,37,7394,7880,42,139819,139051,92,31.1427
206988,162596,120,88159,70884,103,2329,1847,30,4404,3422,40,9132,7526,54,15277,12678,73,329330,272337,120,31.1637
67105,67922,75,26683,26532,74,851,905,0,1774,1803,20,3880,4018,32,6042,5976,40,126547,118372,91,31.1657
137779,121473,95,57686,50534,87,2089,1658,21,3440,2928,35,7111,6060,47,12273,10605,59,258703,231232,103,31.1667
167331,153547,102,80046,74877,90,3179,3248,28,5896,5315,46,13696,12928,62,24452,22832,94,509424,480979,108,31.1677
83513,84295,77,32919,32588,76,1283,1278,12,2451,2276,28,4540,4386,39,9457,9267,52,180898,170523,94,31.1697
163490,146774,90,52457,45216,91,1898,2094,22,4165,3771,38,8569,8032,50,14910,13546,86,352056,320545,107,31.1827
104980,101556,82,42082,41359,79,1847,1725,20,3116,3180,30,7193,7020,44,12146,12273,59,279564,264011,97,31.1847
91302,91559,81,36578,35963,78,1606,1653,18,2535,2533,25,5524,5715,38,9786,10059,54,218570,211377,96,31.1868
71421,72204,76,19525,19472,59,801,907,0,1395,1374,19,3900,3673,36,6385,6626,41,140397,137819,92,31.1898
78763,77590,80,33269,33006,78,978,680,0,1404,1565,20,3416,3086,34,6048,6551,41,120928,115829,92,31.2128
107025,103948,91,52551,51113,80,1193,1024,6,2681,2412,27,5459,5562,39,8529,8348,48,188360,181366,97,31.2148
166300,131226,98,60366,48222,92,2055,1817,21,3694,2958,42,7744,5771,53,13092,10709,69,293995,234459,111,31.2158
255615,191219,110,104648,77729,107,3598,2880,35,7662,5531,53,14577,10752,67,27337,19349,111,522556,404240,124,31.2278
224444,171400,108,78544,61984,100,3180,2115,35,5636,4297,43,11524,9191,62,20535,15797,80,441116,337504,119,31.2298
154981,138617,93,76069,69172,88,2399,1968,28,3809,4152,34,8768,8408,49,16417,15036,70,329012,303710,105,31.2338
114540,110123,88,52320,51222,82,1984,1791,20,3005,3100,32,7414,7300,44,12982,12844,68,275049,263004,99,31.2348
142365,127101,93,54874,48519,87,2015,1839,26,3315,3146,33,8279,7496,47,15349,13651,70,311887,279239,105,31.2548
157620,134878,100,54686,46291,89,2307,2046,25,3282,3371,31,7832,7194,46,14077,12173,67,293549,261279,106,31.2588
186716,146564,98,66836,51145,96,2569,1961,28,5027,4333,47,11005,9118,64,19793,16363,82,396689,324304,114,31.2678
177269,142280,98,67331,53338,95,2499,2136,29,4369,3906,40,9235,7501,59,16491,13143,84,343074,288648,113,31.2769
209758,156334,105,68629,51022,103,2910,2137,33,5288,3821,40,9588,7061,61,16110,11819,69,330135,249354,121,31.2809
180711,135319,109,67028,49715,94,2958,2253,29,4828,3454,43,10163,7917,62,18934,13829,85,401880,314043,112,31.2889
221645,164367,110,76692,56344,105,3184,2107,32,5228,4024,43,11601,8410,61,19549,15163,92,424400,314191,123,31.2909
131077,118166,87,33072,29115,83,1990,1740,22,3904,3440,37,8360,7635,49,13505,12093,63,307557,280855,102,31.2909
219944,183182,110,101574,87758,99,4174,3994,34,7441,6447,49,15987,14246,73,27465,24005,100,576487,503619,117,31.2969
205215,154310,104,71218,54212,97,2431,1831,26,3766,3155,36,8641,6264,58,15012,10586,69,320480,245037,116,31.2999
195461,165524,99,57279,47393,93,2604,2238,28,4649,4139,42,10588,9213,57,17314,15413,73,383820,329568,112,31.3009
215864,185212,102,80259,69229,95,4109,3754,32,7407,6987,47,15383,13871,64,26677,23395,96,565694,479818,112,31.3139
225505,188683,111,117917,101154,108,3492,3078,31,6603,5982,42,14687,12771,66,24936,21660,94,499846,454167,124,31.3149
85066,83723,88,27446,27296,77,1214,1121,9,1699,1825,21,3951,3625,34,6291,6110,47,142870,135242,95,31.3199
104781,102702,84,36680,35590,80,1667,1562,18,2182,2251,24,5212,5070,36,9839,9811,54,208951,204518,97,31.3249
147616,132753,87,49883,43741,86,1957,1509,20,3790,3334,35,8135,7495,47,14597,12285,75,302377,280514,105,31.3259
158361,137701,91,46640,38914,90,1635,1513,18,3506,2925,36,7462,6918,47,11827,10672,61,255770,221538,107,31.3279
87863,84429,91,33043,32569,79,1338,1188,11,2013,1923,25,4042,4362,33,7845,7118,52,158433,152758,97,31.3309
96152,94399,80,29786,28497,80,1925,1786,22,3443,2993,31,6262,6049,45,11744,11094,58,253388,252356,97,31.3319
148124,124329,107,53030,46119,89,2014,1572,21,3423,3047,39,7294,6236,50,12415,10899,62,246699,218143,107,31.3329
150048,143119,87,55917,53056,83,2131,2171,25,4693,4260,38,9969,9462,54,16849,15757,83,371017,348785,101,31.3329
81386,81057,79,24292,24268,75,1242,1113,8,1201,1275,15,3889,3910,35,7217,6986,47,157878,152796,93,31.3389
111877,109084,84,35546,34613,80,1419,1656,16,2362,2350,27,5642,5490,41,9585,9106,56,205293,196670,98,31.3399
184975,141516,100,76936,59818,95,2392,2160,25,4407,3113,41,9466,7415,60,15994,13066,71,339869,266708,112,31.3449
118648,109110,88,31915,27914,84,1909,1605,22,3444,2822,33,6477,5746,45,10577,9926,56,240986,223458,101,31.3459
156276,136167,93,79410,70720,90,2340,2064,24,4240,3844,38,8981,7960,49,17424,14580,77,355334,326877,107,31.3459
111010,100778,86,40598,38348,82,1306,970,0,2677,2817,29,6119,5448,43,10652,10041,52,206942,189147,101,31.3519
109118,107213,84,29392,29142,78,1685,1659,19,2896,3156,28,6921,6627,46,13358,13012,72,275575,263827,98,31.3529
108852,106169,85,31713,30598,79,2000,1818,25,2467,2175,29,6159,5940,42,12269,11587,70,253962,235195,98,31.3569
45670,47546,71,19579,19868,58,751,549,0,1427,971,0,2041,2087,23,4000,3956,34,76144,76125,87,31.3609
156933,125405,96,58320,46081,93,1988,1793,20,3651,2677,38,7198,5843,52,12033,10103,62,248651,198187,110,31.3639
180744,143069,99,51960,40430,94,2259,1857,26,3886,2946,42,9317,7541,57,17983,14682,80,349309,282135,111,31.366
167222,149479,96,44996,39605,90,2426,2101,27,4158,3985,35,8753,8120,49,15228,13820,65,333816,308392,110,31.382
85776,86046,79,38682,38444,77,1505,1340,19,2071,2124,22,5338,5470,37,9040,8311,49,186177,179512,94,31.382
148909,125915,108,59700,51181,91,1767,1309,19,3072,2885,31,6108,5449,43,10553,9348,60,232026,207990,108,31.386
118214,114739,93,39298,38222,81,1638,1515,19,3089,3231,27,7144,6730,44,11992,11599,72,250996,228784,99,31.393
86841,83576,87,33101,32358,77,1630,1483,17,1786,1771,20,4366,4241,37,7972,7482,48,167918,165080,95,31.4
233145,191124,111,108933,89341,106,4769,4098,36,7386,6074,56,16967,14285,71,30260,25923,107,602141,496299,123,31.402
156927,132152,100,56742,47797,89,2203,1841,24,3806,3073,40,8344,7396,52,15432,13961,69,296996,256002,108,31.403
43298,44289,72,17976,18020,54,434,468,0,1015,1034,7,2251,2383,23,3699,3409,35,88768,86896,87,31.404
162311,136694,101,52063,43833,90,2269,2100,25,4157,3336,39,9393,8435,49,16895,14451,80,365661,320539,108,31.407
113937,105346,87,43758,40800,82,1144,1285,13,2606,2506,28,5661,5129,41,10723,9172,58,203780,195296,101,31.418
133596,118537,91,48477,42895,87,1602,1481,17,4253,3401,36,7536,6995,48,12974,11770,68,271654,247457,105,31.42
192423,148325,102,68660,52646,96,3055,2088,33,4202,3167,39,9475,7531,60,17216,14068,79,351101,283511,116,31.42
109652,105292,85,46509,45294,80,1571,1398,15,2889,2913,26,5557,5749,40,9875,9691,50,219248,209210,96,31.43
237407,176978,121,80936,59686,108,2714,2015,30,5607,4028,44,12654,9084,69,21216,15939,94,445947,356535,123,31.433
221564,193718,99,98785,88111,97,4020,3313,34,7078,6255,46,16070,14860,68,27256,24753,102,594187,530001,115,31.444
115913,101632,86,44070,38309,85,1318,1085,10,2973,2423,27,6132,5139,45,10260,8899,55,228171,201320,103,31.4571
101042,98279,82,28256,27902,78,1591,1713,17,2518,2578,29,5370,5254,39,8477,8756,45,171335,167540,97,31.4601
306191,221120,132,206121,158023,126,8973,6709,49,17183,13475,79,37439,30530,124,64327,51889,128,1.04858e+06,1.00329e+06,140,31.4621
110759,106461,90,38165,36586,81,1380,1549,14,2021,1813,25,5822,5367,42,10167,9526,56,198642,191752,99,31.4671
143060,118168,93,55516,45876,90,1757,1658,19,2551,2463,30,7243,6086,47,12688,10980,65,273743,231478,108,31.4741
79186,76492,87,26906,26789,77,1667,1380,17,1369,1350,16,3417,3363,33,6237,6322,44,128233,125658,95,31.4761
82997,80611,95,26802,26531,74,935,906,0,2171,1771,24,4079,3855,39,6354,6112,45,141704,136457,95,31.4801
125359,115763,89,52207,48387,83,1771,1820,19,3512,3303,31,7144,6864,46,12266,11354,56,256912,241091,100,31.4821
100848,94876,86,41201,39916,82,1708,1775,20,2827,2448,26,6401,5968,43,11885,11546,64,239508,227161,99,31.4901
176780,135485,98,63799,49060,96,2305,1655,23,4512,3729,39,8502,6915,51,14504,11739,70,326029,251809,114,31.4991
127964,121470,91,38944,37498,81,1674,1357,20,3425,2968,32,6550,6347,46,10309,9782,64,223819,212918,101,31.5011
289527,187444,142,101168,65082,136,4044,2359,40,8315,5235,55,17269,11926,76,26865,17976,114,588315,419711,149,31.5011
79669,79374,78,37545,37367,77,1180,1091,10,1690,1761,19,3937,3889,34,7968,7988,48,159147,153319,94,31.5121
96840,94221,81,38866,38393,79,1341,1424,15,2785,2899,28,4800,4580,38,9254,8928,53,181822,173917,97,31.5141
151083,122851,96,65472,53100,92,2157,1903,25,3731,2813,39,8491,7022,55,15521,12727,65,315329,259249,108,31.5171
135149,120066,92,53073,46498,87,1660,1523,20,3414,3271,32,7315,6977,50,13442,11218,67,281131,252090,103,31.5171
50476,50885,74,24069,24337,67,573,651,0,1051,1106,5,2322,2566,26,5142,4960,38,106759,102869,89,31.5281
91317,89285,80,27971,27357,77,1149,1005,3,2148,1763,28,4529,4289,38,8029,7268,50,166643,158670,96,31.5301
330392,262566,134,220977,180689,127,7442,6257,41,14735,11285,72,30523,24060,125,52073,41611,135,1.04858e+06,850987,145,31.5341
131172,109040,95,54168,44787,88,1480,1155,13,3036,2573,29,6130,5375,46,9555,8007,55,231670,195284,105,31.5431
171716,129252,97,69425,52284,96,2359,1455,28,4187,3088,42,8990,6667,55,17090,12940,79,356580,274952,113,31.5431
198295,164726,96,63183,50719,95,2551,2119,28,5079,3869,50,10338,8721,59,17598,15689,77,384768,325491,113,31.5602
101304,100079,81,46093,45507,79,1709,1310,17,2969,2583,31,6444,6413,45,12245,12058,54,244609,232921,96,31.5612
259976,193736,118,81963,61009,106,3122,2224,33,7389,6107,46,14605,10852,68,25892,18337,110,549260,419721,125,31.5672
156918,130722,107,62580,51183,91,1489,1453,18,3368,3190,33,8466,7347,53,15332,12600,72,296153,250725,108,31.5702
89371,87363,85,35841,35630,78,1253,1549,14,2236,2328,24,4603,4483,37,8378,8309,55,182224,175104,95,31.5802
120319,115210,88,40748,39313,81,1921,1930,20,3651,3759,32,7790,7378,46,13551,13015,63,304711,289989,100,31.5962
176551,142675,96,57710,44915,95,2051,1938,26,3972,3464,36,8873,7324,55,15456,13006,70,330579,273325,112,31.6052
132427,120385,85,53800,48690,84,1822,1451,16,3376,3022,34,6009,5418,42,10580,9623,57,223224,206916,101,31.6182
110526,106161,83,44127,42130,81,1820,1784,18,3196,3454,30,6780,6337,45,12179,12597,58,253680,245693,99,31.6182
81630,80956,80,27285,26856,78,995,1099,7,2148,2139,22,4713,4388,39,7530,6748,48,173371,159914,95,31.6232
121246,113852,83,33370,32159,80,1683,1626,20,3049,3260,30,6720,6193,45,11138,10505,61,229558,212872,99,31.6322
82904,82295,78,37572,37001,77,896,1094,8,2175,1788,27,4192,3946,35,7389,6977,43,157610,152835,94,31.6493
149474,126551,95,60306,52404,90,2014,1474,22,4155,3127,37,6535,5782,44,12640,10737,64,266150,240004,107,31.6493
110083,106628,88,37879,37053,79,1265,1540,16,3111,3010,33,6484,6159,42,12097,11014,73,255596,244664,98,31.6563
252455,198758,106,111410,92411,104,3938,2921,37,8314,6395,53,16849,13158,73,27724,22487,95,619250,503456,122,31.6703
140044,134086,87,58231,55949,84,2331,2057,26,3155,3487,29,9014,8239,53,15186,14306,62,323340,307799,102,31.6723
141098,119238,95,47801,39333,88,2097,1644,25,3670,3095,34,8278,7024,52,13466,12603,61,294054,247193,106,31.6773
205899,151876,109,75146,57489,99,2356,1813,27,4474,3031,47,9411,7012,61,14840,12228,65,331251,248279,119,31.6903
131506,116073,95,44819,38664,88,1796,1886,20,3169,2718,36,6851,6667,47,13080,11245,72,276915,243397,104,31.7023
200723,156753,108,63148,48739,95,2479,1872,28,4749,3938,40,11025,8594,61,18837,14597,73,385473,315754,115,31.7053
110327,108235,82,26577,26040,78,1741,1809,21,3550,3774,31,7330,7203,45,12482,12406,68,262215,249158,98,31.7103
176368,137453,99,65383,50751,94,1719,1420,22,3999,3063,43,9053,6827,59,16585,11977,82,342866,272381,111,31.7113
180945,141784,99,73506,57414,95,2269,2035,29,4404,3688,43,9887,7692,55,16654,13154,77,343161,275941,113,31.7133
108886,104885,95,45383,44432,80,1481,1466,16,3278,2574,33,6471,6089,41,11125,10485,59,237869,227455,98,31.7354
189297,157027,95,62711,52541,91,2920,2413,30,4920,3959,44,10234,8557,59,16708,14500,69,351575,312512,110,31.7424
192146,145637,107,69884,53169,97,2693,1896,33,4708,3670,40,10720,8124,63,20096,15359,98,409646,318890,115,31.7434
180293,142405,105,68215,52889,95,2111,1678,23,4484,3024,43,8700,6596,55,13792,11280,64,309621,247631,112,31.7474
219123,165370,108,68560,50090,99,2988,2570,30,5465,3946,47,11455,8275,66,19578,15150,74,425907,328331,117,31.7574
108320,104697,82,46321,45356,80,1425,1290,15,3409,3082,31,6826,6016,49,10466,10679,54,234163,216950,98,31.7604
46744,45882,78,11620,11599,44,460,597,0,1130,841,0,1813,1897,22,3529,3463,32,71178,73403,87,31.7624
240308,194637,105,92962,77194,101,2892,2782,29,7059,6428,46,13451,11550,63,22200,19051,102,450150,400966,119,31.7644
125539,122527,88,58129,56712,82,1599,1568,19,3588,3487,34,7581,6782,50,12472,12574,58,274844,261746,100,31.7654
99742,97682,88,22777,22705,65,1319,1550,16,2009,2100,24,5039,5014,38,8206,8120,43,182205,176288,97,31.7744
174612,134211,99,61978,47187,94,2090,1548,21,4052,3009,38,8277,6511,56,14845,11137,69,301305,245064,111,31.7764
110635,108755,87,27564,27188,78,1948,1837,24,3482,3245,32,6936,6561,47,12191,12214,62,257250,246604,96,31.7794
70096,70243,76,21528,21294,63,1181,1121,9,1490,1235,15,3755,3598,33,5970,6248,42,141037,137251,92,31.7914
149030,130967,101,49928,42830,89,2127,1574,24,3932,3485,38,8154,7114,51,13709,11966,70,303551,273200,106,31.8004
62978,62013,81,23647,23756,65,694,757,0,1020,1155,12,3104,2778,32,5306,5410,37,112523,115077,91,31.8054
176812,146482,93,63560,51975,91,1901,1460,21,4270,3443,40,9255,7861,54,16943,14748,73,360986,313131,109,31.8054
114560,106262,84,44405,41146,81,1153,1092,9,3002,2850,27,6621,6074,46,9816,9069,58,268215,248350,100,31.8074
117198,112531,85,55963,54271,82,1511,1473,17,2836,2109,28,6435,6283,44,11103,10853,53,245624,232025,99,31.8114
168398,137887,96,56223,45881,91,2324,1682,26,3381,2842,36,8925,7296,56,13954,12295,68,297142,244678,109,31.8195
97475,94713,82,41252,40521,80,1117,1221,9,2481,1913,28,4841,4433,40,8715,8896,47,181855,169922,97,31.8215
171323,136291,110,65751,52152,93,2238,1776,27,3664,3134,39,8737,7109,54,16220,13853,73,322532,258544,111,31.8305
97357,95933,84,30584,30003,77,1507,1208,12,2167,2356,25,5160,4735,40,8915,8558,51,191863,183610,96,31.8355
150387,124014,95,63824,51255,92,2357,1778,22,4213,3184,38,7079,5312,49,12213,10582,62,256634,207836,108,31.8365
133524,114098,90,46215,39630,89,1944,1877,24,3427,3310,33,6866,5756,48,11956,10603,55,251582,228786,107,31.8415
158160,128477,105,50732,41137,92,2059,1895,22,3912,2997,37,8414,6870,53,15066,12041,72,325564,267263,110,31.8455
112556,107815,96,39550,38221,81,1544,1633,18,2755,2407,26,5910,5607,43,10770,9562,60,213576,199387,99,31.8475
86302,84150,83,28611,28340,76,1228,1251,10,2349,2291,25,4042,3986,37,6414,6617,50,138910,137085,95,31.8605
95329,96401,78,33477,33221,78,1354,1179,13,2088,2291,23,4890,4865,36,7312,6983,47,170881,163272,96,31.8615
95867,92828,81,39512,39324,78,1368,1144,10,2564,2288,27,4972,5112,38,8850,8321,56,206455,193684,96,31.8615
169132,134692,94,53669,42178,92,2105,1808,22,3206,2988,35,7985,6607,52,14254,11860,71,311479,252516,110,31.8715
97962,95594,85,48346,47877,80,1539,1219,16,2778,2335,29,5211,4970,40,8974,8929,57,200047,196653,97,31.8755
167864,136802,96,48960,39541,91,2051,1671,23,4115,3461,35,8768,7007,58,16216,13317,74,317214,262760,110,31.8855
121071,116228,94,53698,52540,81,1626,1603,17,2724,2619,28,6914,6500,48,11842,10877,66,254572,242275,99,31.8855
78793,78095,79,27725,27574,76,756,592,0,1418,1768,17,4018,3997,32,6492,6116,41,169764,163498,94,31.8875
195322,153876,97,62570,48752,95,3039,2313,31,4370,3787,40,10395,8524,58,18250,14670,75,415901,337468,114,31.8895
69639,70765,78,22883,23051,60,961,1015,3,1690,1686,20,3514,3411,33,5714,5343,41,118012,114656,92,31.8955
207071,157877,98,71450,55512,97,2566,1967,25,5756,3775,52,10478,8238,61,18494,14534,76,397611,305677,115,31.9046
222396,161021,112,79885,57840,109,3080,2110,32,5172,3572,52,10434,7065,60,18784,14409,86,372831,274503,128,31.9096
155958,129513,103,45494,38015,89,1826,1613,21,3782,2978,37,8019,6936,49,13634,10974,66,288339,244366,109,31.9146
164886,123795,102,59195,43827,95,2431,1732,29,3403,3023,35,8946,6646,56,16568,12872,77,326395,249263,112,31.9206
103767,92745,85,42902,36744,84,1216,959,0,2032,2040,23,4989,4399,41,8144,6853,55,188438,165636,101,31.9216
113430,103417,88,50533,46989,83,1681,1240,19,3188,2788,33,5484,4855,44,9854,9282,56,208738,191119,100,31.9226
117092,101979,88,46561,40819,85,1427,1355,17,2126,2092,25,5905,5538,45,9531,8197,52,207780,188174,103,31.9296
149593,137429,89,56696,51912,86,2609,2217,27,3494,3484,33,8620,8043,51,14449,13835,66,325730,298293,104,31.9376
199627,158089,102,77377,63096,99,2654,1979,31,4604,3318,43,10766,8917,61,19717,15657,83,400924,322557,118,31.9626
127074,115078,87,39103,35225,85,1718,1653,20,3455,3254,31,6848,6452,43,11477,10740,59,257085,245802,102,31.9756
112722,109980,82,36179,34037,82,1466,1567,17,2622,2528,28,6403,6021,42,9750,9822,51,218352,211329,98,31.9906
116491,112566,84,35078,34314,80,1677,1922,18,2982,2352,32,6578,6189,44,10659,10647,54,242349,232223,99,32.0057
87752,83857,84,31237,30284,79,1226,1230,12,2415,2408,27,5221,4862,42,8467,8005,43,191887,184540,97,32.0077
92828,91181,80,30007,29018,78,1514,1434,15,2141,2046,27,5056,5020,39,9001,9216,48,199835,190148,96,32.0107
75576,75935,76,29807,29536,76,583,864,0,1684,1434,20,2987,3236,31,5870,5425,45,139527,138477,93,32.0197
167340,142545,96,48703,40804,91,1944,1900,24,4185,3120,42,8360,6968,52,14332,12071,62,301695,265309,110,32.0227
101912,96999,82,31320,29082,79,1494,1564,16,2358,2611,26,5408,4838,44,9515,9118,59,192543,181021,97,32.0297
156576,137373,89,41385,34457,88,1945,1422,24,3713,3654,34,7492,6580,50,13130,11090,63,282513,251377,106,32.0357
202719,155644,97,71930,54145,97,2515,1971,30,4587,3643,43,10134,7674,60,16804,13606,74,366309,283005,114,32.0357
107187,104529,81,40021,39520,80,1835,1591,18,2691,2713,30,6901,6886,48,12545,12311,64,250941,238828,97,32.0407
70735,71983,76,26950,27089,74,1127,945,0,1163,1173,17,3447,2990,35,6233,6415,43,120838,119277,92,32.0417
199589,174926,97,90370,78909,93,3577,3065,32,6390,5465,53,15131,13765,65,25579,23141,97,549729,498684,110,32.0487
103314,101342,81,51755,50780,80,1718,1543,20,2808,2394,32,5571,5512,42,11227,10726,54,226638,216556,97,32.0497
116101,105607,87,33499,29356,85,1726,1303,15,1750,2247,22,5413,4750,43,9199,7720,54,191843,171367,101,32.0527
114594,112779,87,30612,29917,80,1793,1833,17,3796,3357,36,6403,6176,40,10804,10697,56,240056,228252,99,32.0537
243867,214929,108,123712,107722,106,4446,3546,38,8054,7391,48,16238,14634,71,27572,26014,96,576610,516014,123,32.0587
90375,87685,85,31741,30721,77,1145,896,0,1998,1827,24,4044,4279,33,7426,7266,47,160421,150523,95,32.0627
87043,84806,79,27495,27099,77,670,977,0,1326,1434,15,4231,4070,36,7457,7446,43,153019,148498,96,32.0677
131245,127446,86,42515,39381,84,2236,1881,23,3606,3184,30,7478,7389,46,13324,13611,60,281879,262059,101,32.0677
234278,192174,108,67663,56025,98,3673,2885,33,7089,6228,46,15307,13438,63,28006,23426,95,567795,491714,118,32.0707
270860,194214,117,272220,220840,116,7083,5548,43,14181,11853,63,29497,23848,115,50588,40786,119,1.02259e+06,812435,133,32.0858
243480,182165,116,101867,77676,107,3845,2548,39,7021,5164,49,14968,10849,71,26064,18727,103,541119,414214,125,32.0868
147230,129705,89,56253,48342,89,2088,1831,23,3931,3417,39,8577,7605,50,16526,14201,78,320512,288951,105,32.0888
138241,118500,92,58189,51095,89,1635,1355,17,3414,2680,34,6268,5144,48,11858,9669,67,233964,204582,103,32.0908
114473,111014,81,36777,35914,80,1731,1811,20,2686,2431,27,5752,5450,42,9718,9891,51,198939,188709,98,32.0918
120582,115703,82,46370,42400,83,1890,1813,23,3152,3423,31,6907,6469,47,13370,12495,59,275597,253465,99,32.0978
81314,78891,81,30162,30046,77,1008,847,0,1773,1948,23,3713,3517,34,6516,6529,42,125174,120082,94,32.0988
92780,90368,81,27178,27162,76,1648,1535,17,2444,2748,24,5805,5453,43,10418,10593,54,225020,214200,96,32.1028
133401,126355,96,60328,57580,84,1484,1521,18,3802,3448,35,7633,7283,45,12888,12935,58,282793,273131,102,32.1038
136373,112564,94,46461,38396,88,1480,981,0,3113,2868,34,7025,5594,52,12250,9648,65,244351,196103,106,32.1068
159170,127172,93,47022,36535,91,1781,1487,18,3782,2961,40,7614,6128,52,13887,11005,79,295956,234488,110,32.1198
103551,99897,84,44713,43617,80,1461,1518,16,2663,2541,32,5179,4925,38,10604,10320,51,206775,197322,98,32.1388
109520,106927,84,21841,21567,62,1988,1701,20,3261,2675,33,6265,5719,46,10732,10679,66,212911,203605,98,32.1438
107550,105053,84,45746,44302,80,1405,1519,16,2274,2209,25,5679,5396,42,9472,9962,52,203624,196534,97,32.1478
107232,102442,87,49633,48964,80,1697,1425,21,2694,2848,32,5920,5496,45,8423,8643,47,192104,185217,97,32.1488
151195,134824,93,50772,44685,89,1882,1608,20,3305,2812,35,7020,6585,46,14202,12851,70,257403,236479,107,32.1658
151024,126225,94,47555,39240,90,1980,1553,23,3487,2688,37,7939,6526,53,12652,10978,70,283535,242005,108,32.1668
62104,62484,86,27421,27052,74,663,669,0,1227,1347,14,3181,3413,30,4701,4571,40,115491,114493,91,32.1759
184476,149838,102,60524,48375,94,2768,2240,28,4416,3277,40,10159,8280,58,17573,14563,80,359511,296508,113,32.1759
91475,91137,79,38505,38545,77,1673,1486,15,2309,2218,26,5083,4869,44,9680,9157,61,200492,192496,95,32.1759
180644,152588,101,57264,48617,92,2451,2087,29,4479,3844,42,8770,8023,55,15857,14145,75,315315,291435,109,32.1829
162807,133207,94,57520,45663,92,2251,1597,27,3043,2711,35,8157,6735,59,13569,10842,63,295029,238270,108,32.1829
107617,104890,81,40468,38929,81,1535,1381,15,2910,2634,29,6612,6981,42,10818,10847,54,233558,220385,98,32.1929
182363,142725,99,60019,46602,96,2380,2108,26,4517,3828,39,8789,7457,50,14985,11743,78,316075,258137,114,32.1949
189504,160566,99,59099,48852,93,3338,2887,30,5416,4526,42,10641,8829,63,18083,16425,74,394219,352152,112,32.1959
155972,117178,95,54396,41639,92,2445,1745,28,3256,2897,33,8725,6725,55,15744,12277,70,325818,245019,110,32.2079
104097,100830,82,41461,40801,80,1573,1315,14,2692,2682,27,5521,5663,38,10452,10026,51,225064,215819,98,32.2099
143966,114280,97,57744,45555,90,1402,1119,13,3495,2551,35,7523,5861,53,12666,10562,67,275024,223543,108,32.2189
100627,96618,82,35985,35120,79,1425,1547,17,2425,2510,26,5947,5715,45,10927,10693,62,226690,217105,98,32.2269
202850,152697,100,65999,48732,96,2120,1687,26,4316,3385,41,9509,7460,56,16717,12502,78,336645,264517,114,32.2289
150304,126959,90,46528,37781,89,2280,1448,26,3444,3026,34,7044,6266,50,11933,10612,60,267184,231777,107,32.2299
195816,152409,102,74836,58093,97,2841,2287,31,4866,3684,45,10991,8507,64,18458,14803,80,378290,309947,115,32.2459
150659,137179,91,60190,55189,87,2107,1909,25,3188,3110,31,8422,7791,49,15107,13677,74,311637,299551,105,32.2509
144263,132070,90,49746,44629,86,2101,2148,21,3666,3197,34,8018,7470,48,12597,12249,57,288994,272671,103,32.2529
197930,159318,104,90891,78019,97,3458,3054,31,6544,5482,46,14125,12582,63,23232,20352,99,511246,441936,116,32.2559
113834,108753,83,56380,54798,82,1981,1770,23,2460,2443,23,5173,5004,41,8580,7854,55,185912,172388,98,32.264
87265,85783,95,32859,32524,77,1063,1000,1,2104,2088,25,3895,3811,34,6940,6829,44,155543,152334,95,32.274
101035,99129,85,39764,38818,80,2204,1792,21,2324,2240,25,4924,4793,39,8845,8772,49,183014,176014,98,32.286
140487,119141,106,46170,38507,89,1683,1325,18,3390,2818,31,6705,6088,46,12649,10496,66,258321,218649,106,32.29
160261,128099,95,57609,45130,92,1573,1365,19,2859,2318,30,7172,5904,49,12465,10040,72,272179,214540,109,32.292
128994,104873,91,46626,38685,88,1847,1561,21,3024,2235,37,6627,5174,47,11009,9331,56,231898,192574,106,32.302
119080,114055,84,37539,35770,81,1657,1608,16,2528,2503,27,6584,6377,45,11760,11253,62,244522,227411,99,32.303
149343,119993,101,55282,44598,90,2201,1587,27,3441,2583,37,7938,6325,54,13040,10152,74,272334,220459,107,32.305
253637,186988,115,92084,67856,113,3534,2564,34,6437,4433,49,13079,9245,75,23174,18197,93,473225,360195,130,32.307
187548,145200,98,65574,50335,96,2337,2083,28,3952,3087,39,8856,6878,57,16768,13310,73,324659,251006,112,32.311
222943,162983,117,85622,63673,103,2454,1861,30,5058,3521,46,9652,7140,57,17387,13066,73,341693,255305,121,32.315
139408,118120,104,44778,37095,90,1880,1599,23,3659,3035,47,8062,7024,49,12632,11169,62,286741,247631,106,32.318
104871,103041,81,34303,33562,80,1565,1569,16,2688,2370,27,5095,4716,38,9019,9240,50,186298,176591,98,32.326
146786,121830,93,55354,44526,90,1895,1784,23,3497,2723,37,8369,6916,52,15384,12626,79,320708,268879,107,32.327
218903,161844,103,69456,51913,100,2880,1941,36,5528,4135,45,10987,8039,58,20253,15074,85,405978,306488,119,32.33
113355,110471,82,50851,49811,81,1851,1727,19,2816,2784,28,6871,6379,48,11842,11541,58,253273,242815,99,32.33
138049,118942,91,52066,44788,88,1699,1451,17,3323,2992,31,6950,6240,48,10968,9757,58,238841,211791,106,32.332
115006,108234,91,51087,49565,81,1696,1579,23,3323,3128,30,6888,6655,45,11140,10919,52,232860,223605,99,32.335
80111,68219,84,99395,81722,87,-26,242,0,7390,6063,53,422,421,0,108,323,0,509,398,0,32.342
249762,209007,104,96288,80837,104,2827,2418,29,6869,5784,51,13021,11153,61,22659,19612,97,439631,393450,121,32.3521
172401,144417,95,59552,49565,90,2511,2168,26,4575,3407,42,8088,7334,47,13879,11601,65,309410,263406,109,32.3581
144739,136178,86,72778,68714,85,2290,2252,25,4620,4628,39,9765,8805,54,16067,14578,69,325498,311608,102,32.3591
142063,124145,106,60632,52777,89,2035,1671,21,4113,3386,37,7612,6626,50,13245,12556,64,283409,258251,106,32.3591
54121,55255,76,28225,28254,73,697,709,0,922,885,0,2567,2499,28,4785,4949,38,101664,100074,89,32.3601
94505,90477,84,32908,32471,78,1156,1101,8,2174,2082,29,4563,4317,37,7678,7768,47,161932,159214,96,32.3611
127821,120573,86,54714,53089,82,1931,1819,19,3229,3389,28,7002,6425,46,13494,13112,68,282103,260868,100,32.3651
142038,122659,93,46668,40211,87,1511,1404,18,2909,2806,31,8038,6922,51,13503,12015,66,273478,239260,105,32.3681
150214,126046,92,55790,46412,90,1529,1416,17,3335,3034,33,7708,6814,51,13397,11229,65,295491,255716,107,32.3841
87439,84758,80,26261,25736,77,1103,1064,6,1900,1685,20,4734,4747,37,8261,7447,52,174259,164182,96,32.3941
193754,151790,100,78385,60948,96,2622,1945,28,4718,3985,40,9886,8073,63,17805,13801,79,361246,283982,113,32.3951
104466,98950,89,38245,37482,79,1591,1549,17,2640,2832,27,6386,6128,43,11826,11715,65,247644,237181,97,32.3951
134236,115452,92,48354,41168,88,1623,1497,19,3440,2989,35,6791,5722,48,10560,9317,57,253686,225127,105,32.4001
123456,115093,89,44136,40892,84,2266,1837,26,3709,3714,33,8231,7912,51,14061,13061,66,306547,295633,101,32.4031
266397,201370,126,127934,101431,115,3919,2738,37,8407,6230,60,16537,12885,70,27408,21007,107,584783,478278,131,32.4041
170699,143284,94,49949,40251,92,2131,1935,21,3808,3378,37,8931,7763,56,15376,13664,74,347207,297403,109,32.4071
104660,100531,86,38524,37505,80,1141,1323,13,2563,2640,28,4916,4986,39,9920,9601,57,190189,181425,99,32.4081
97937,96911,80,36793,35997,80,1633,1641,17,1865,1940,19,4718,4637,38,7764,8114,45,157722,150290,97,32.4101
156958,124741,94,52875,42457,91,2612,1947,28,3820,2816,40,7841,6284,50,14113,11086,69,302635,246694,109,32.4191
196026,172446,94,95631,84707,93,3463,3271,32,7381,6980,44,16165,14763,67,27618,24712,93,600138,542529,110,32.4281
138966,115374,92,54037,45385,89,1596,1493,17,2696,2519,30,6443,6000,46,12563,10964,67,272121,236675,106,32.4391
149425,131474,97,31787,27261,85,2126,1990,23,3315,2769,35,7527,6422,50,12133,10458,62,259436,235410,106,32.4452
128962,121353,94,35149,32225,84,1815,1788,21,3520,3421,32,8279,7739,55,15114,13728,72,302807,284383,102,32.4472
178852,148073,96,80171,67960,94,2091,1822,25,4221,3773,39,9079,7963,52,15820,13205,75,326189,275063,112,32.4672
94803,92916,84,35350,35038,78,1287,1386,16,3040,3260,27,5976,5890,41,10822,10704,67,217173,205711,96,32.4732
152243,126453,97,41921,33862,92,1656,1549,20,3247,2854,34,7770,6658,47,12220,9940,63,277445,238242,109,32.4782
218206,175803,105,92058,73897,99,3397,2807,33,6032,5249,48,12876,10920,62,21540,18711,83,459637,390191,117,32.4822
147138,130030,102,54219,48375,89,1294,1279,14,3969,3457,35,7487,6958,46,14170,11849,71,296562,267233,106,32.4822
186878,157519,99,73749,64230,92,2700,2234,27,4930,4482,38,9563,8685,54,16587,14849,69,360659,319949,112,32.4832
68025,68054,76,23912,24123,71,812,604,0,830,1089,8,2842,2695,30,5190,4983,38,101002,98488,92,32.4852
96175,95951,81,40142,39525,78,1250,1277,11,2266,2471,27,5324,5374,39,9210,8862,56,189074,181073,96,32.4912
203140,154645,104,67852,52008,99,2894,2334,31,5671,4585,43,13419,10215,66,23255,17069,91,488723,400689,118,32.4942
121930,118641,84,44910,43368,82,1917,1590,23,2987,2753,33,6568,6746,45,11084,10304,62,244667,236651,100,32.4942
116120,110723,85,38965,36461,80,1546,1246,16,2890,2958,29,5795,5360,40,10327,9975,52,208251,195300,97,32.4972
87307,84135,82,27854,26977,77,1058,1091,8,2420,2098,25,4809,4579,36,7122,7105,44,142238,139173,94,32.4992
69396,69025,79,25425,25170,75,1158,1123,11,2099,1583,24,3968,4145,33,6944,6829,49,153642,148383,92,32.5032
108281,98979,90,44792,41511,82,2186,2001,24,2759,2580,30,5312,5053,41,10299,9424,50,216231,205519,100,32.5092
81795,80464,78,18880,18615,54,1308,1270,13,1551,1769,21,3681,3515,32,7202,6662,53,143005,137394,95,32.5092
84810,82449,84,33803,33415,78,991,1201,10,1940,2165,24,4854,4726,37,8901,9283,49,175106,166924,95,32.5142
211441,179883,103,83960,71537,98,3920,3192,35,6400,5586,43,12455,10927,64,22639,20102,88,467026,421743,116,32.5172
140059,117739,93,54654,45550,91,1860,1476,21,3088,2554,34,7090,5902,49,11708,9157,66,253130,205957,108,32.5172
126049,117828,90,66420,61835,85,1843,1696,21,3953,3230,37,7538,7439,46,14184,13013,67,293590,266462,101,32.5192
188647,142812,100,71759,54517,97,1884,1639,21,4208,3399,40,9853,7891,57,16406,12817,75,377924,288307,114,32.5212
90989,88446,80,32835,32263,78,1073,1239,9,1714,1608,23,4352,3913,38,6943,6714,47,151171,146072,96,32.5242
77133,73407,91,30923,30669,77,686,847,0,1959,1841,19,3955,3741,34,6950,6422,46,138031,132620,94,32.5403
281259,195739,121,118523,84712,117,3762,2678,37,6480,4722,54,14371,10605,68,24355,16684,88,509977,361394,135,32.5443
78498,76303,84,28276,28225,76,1286,1081,7,1573,1879,20,4017,4203,36,8387,8079,46,166063,157039,94,32.5463
195308,156784,99,57133,44820,95,2874,2182,29,4575,3962,40,10156,8389,58,18186,14853,72,378458,307133,112,32.5463
127271,104195,106,50091,42254,88,1407,1398,17,2952,2030,34,5517,4637,41,9846,8052,54,217093,185670,106,32.5483
94512,92556,81,29795,29429,78,1503,1395,14,2518,2335,27,4900,5092,38,7986,7414,57,176207,171417,97,32.5513
153106,129885,90,60482,51205,89,2125,1591,22,3379,3049,37,7915,6137,50,15000,12545,85,291691,254052,106,32.5533
173987,144273,96,57866,48040,92,2521,1993,28,4064,3368,39,9081,7655,56,15298,13121,66,310188,263556,110,32.5653
124444,119617,81,44144,42712,81,1497,1380,18,2427,2141,28,6888,6638,43,11139,9949,63,247982,231634,99,32.5663
103089,98921,86,39315,38322,79,1292,1321,16,2640,2169,28,5948,6024,40,10157,9872,61,214339,207322,97,32.5673
114375,102658,87,34568,31109,83,1541,1360,20,3151,2748,29,5684,5131,43,9433,8125,59,201185,185320,102,32.5743
146101,127171,91,55145,47111,90,1634,1656,17,3561,3204,37,8450,7409,56,14357,12075,72,290443,250964,106,32.5863
102797,99042,81,30790,29778,78,1752,1672,18,3089,2772,31,6244,6361,40,11530,11524,59,235011,226618,97,32.5963
96699,93024,95,26991,26804,76,1118,1202,11,1968,2067,22,5924,5820,44,9718,9755,52,206246,202177,97,32.5993
96581,94870,88,29248,28817,78,1710,1721,17,2906,2766,29,5612,5590,41,9909,9922,52,208892,199806,96,32.6023
130461,92231,109,37514,22177,107,984,962,0,3114,2445,28,6721,4771,63,10468,7569,72,251396,174877,123,32.6043
72034,68581,82,24131,24124,69,1024,1137,9,3214,2845,32,7112,7159,45,8753,8818,53,210128,198048,93,32.6053
120051,117084,82,43612,42082,82,1558,1645,18,2841,2954,31,6944,6645,46,11318,11283,57,242527,230633,99,32.6063
68341,68306,78,22977,22789,70,732,771,0,1467,1093,10,3524,3588,34,6395,6109,44,146011,139343,93,32.6163
161212,132989,95,61705,50749,94,2886,2107,31,4101,2884,38,9183,7832,61,16503,13658,76,333855,281505,112,32.6183
85152,82202,95,29653,29162,77,1231,1142,9,1544,1658,22,3949,3793,35,7457,7202,46,141957,134761,95,32.6213
58468,57640,76,22352,22278,63,759,674,0,1403,1210,15,2548,2516,28,4560,4254,37,118407,112517,90,32.6244
93165,88324,95,29848,29338,78,1014,926,0,2563,2329,27,3800,3962,33,6534,6034,45,147625,139464,97,32.6264
146692,126373,102,65980,56812,91,1830,1863,21,3490,3105,38,8097,6915,53,13911,12242,83,302687,270419,107,32.6314
101137,97875,81,38832,36694,80,1719,1704,19,2812,2830,29,5628,5604,40,11028,9760,62,235388,224286,98,32.6394
183674,151585,97,65585,54164,92,2591,2393,28,5301,4081,43,11588,9820,64,19348,16746,80,420304,359300,111,32.6464
153497,139346,98,67846,62218,86,2417,2521,25,4755,4459,39,9308,8303,52,17157,16633,69,361733,343811,103,32.6684
154374,131148,92,51162,42214,90,1530,1428,18,3084,2934,32,7113,6209,48,11224,8369,59,247034,209311,108,32.6694
183410,140522,101,68104,52606,94,2318,2077,25,3269,2936,35,8637,6835,55,15287,11869,71,321159,259694,113,32.6804
167225,124590,97,58346,44285,95,2457,1602,29,4014,2893,40,8586,6413,55,14944,10803,74,324439,244812,113,32.6924
100541,98650,82,35925,35652,78,1278,1164,9,2188,2319,25,5813,5497,40,10295,10048,58,214753,203595,96,32.6934
154331,138083,91,81853,74745,89,3119,2598,30,4722,4733,38,11923,10969,66,19776,17764,78,422362,375844,106,32.6954
132414,119817,96,42939,38291,85,1965,1616,21,3020,2862,32,7185,6452,49,13034,11638,60,256419,236745,102,32.7245
72947,72069,77,23552,23561,64,1260,978,0,1986,1638,21,3812,3742,34,6140,6289,42,131733,129482,93,32.7255
146233,125134,95,38882,33319,86,1823,1556,21,3380,2872,37,6679,6028,47,10829,9897,56,226563,194186,105,32.7265
196262,143457,107,69455,51363,98,2683,1761,31,4932,3626,46,10886,7915,64,19624,13753,84,400477,297773,116,32.7305
301247,211558,116,145804,103296,116,4027,2456,38,7858,5709,52,16004,11376,70,27364,19763,108,577783,434279,132,32.7345
86261,83387,80,38832,38341,78,894,1056,5,2079,2062,25,4136,3999,35,8467,8123,55,170442,163055,96,32.7385
100880,99015,88,51691,50567,81,1608,1538,20,2285,2251,24,5987,5698,40,10256,10259,54,226124,224553,97,32.7445
191769,141457,114,69949,52989,98,2580,2065,29,4537,3895,40,9479,7425,57,17676,13235,78,361817,282735,114,32.7525
88229,86756,82,33842,33044,79,955,1047,5,1907,1491,20,3598,3684,34,7441,6908,46,148460,142425,96,32.7665
66661,65364,80,25116,25020,75,826,789,0,1242,1551,17,3225,3198,29,5219,5408,41,113979,105820,92,32.7725
93519,91483,82,45866,44810,81,1729,1457,17,2309,2056,25,5743,5386,42,9784,9563,54,211673,199158,97,32.7775
102974,100026,85,28417,27831,79,1167,1334,12,2086,2055,24,5189,4611,40,9069,8017,53,180435,173491,98,32.7815
100690,99618,81,55204,53575,79,1036,1248,10,2101,1893,26,4827,4518,37,8806,8712,54,182263,173857,95,32.7845
117559,113889,83,31678,31165,79,1911,1839,21,3414,3179,33,6573,6246,47,12191,11591,71,254737,240534,98,32.7865
115358,108126,83,38181,35065,82,1348,1334,14,2833,2568,29,5790,5489,42,9696,8517,54,209344,197184,100,32.7905
77435,74359,88,25900,25224,75,1057,1092,7,1864,1893,20,4447,3991,39,7443,7884,44,161301,161018,93,32.7935
141632,127936,92,37699,32594,89,2199,1976,24,4199,3850,37,9085,7911,55,14503,12818,72,315019,287386,106,32.8056
164960,138884,97,52587,44503,91,2672,1956,28,3965,3459,37,8773,7396,49,15343,13154,73,323985,282482,109,32.8156
283739,187383,124,116867,76620,113,3200,2114,34,6803,4662,52,13643,9518,67,23806,16993,88,514132,360334,132,32.8206
139285,119929,93,45601,37021,91,2028,1796,23,3877,3388,35,7569,6493,51,13512,11191,67,284148,244281,107,32.8206
110115,104195,89,47015,45040,81,1604,1844,19,3298,2819,32,6677,6471,44,11660,11650,53,256785,245237,99,32.8216
96343,93600,84,32988,32484,78,1586,1589,15,2326,2380,25,5143,5097,39,10085,8961,56,208553,200412,97,32.8266
92129,89443,86,34078,33659,78,1303,1440,14,2418,1934,28,4237,4025,37,7638,7979,44,153150,144506,96,32.8286
106949,103767,85,30245,29480,79,1334,1285,12,2450,2527,26,5424,5137,40,9563,9315,55,185613,179701,98,32.8356
173603,153068,94,60340,54350,90,2365,2108,27,4246,3885,39,9545,8509,55,16039,14751,72,327320,304617,108,32.8566
183628,141769,100,62793,48583,94,2546,1844,28,3983,2942,41,7882,5819,53,12919,10547,72,302300,238559,113,32.8716
258143,200879,106,116826,94114,104,4617,3452,38,9235,7748,52,16855,14068,77,31498,24895,105,618113,524607,118,32.8726
99146,94580,82,36636,34835,79,1518,1467,18,2510,2697,27,6228,5773,43,11306,11062,62,222535,216981,97,32.8826
186477,138791,101,69750,51318,96,1912,1532,23,4054,2924,42,9072,7043,56,14659,11099,80,318413,239078,113,32.8896
150365,126475,106,60557,51960,89,1825,1387,19,3219,2736,32,6985,5671,49,12789,10757,59,263583,229697,107,32.8907
99458,98493,80,37039,36639,77,1310,1333,16,2789,2413,32,5426,5554,40,10440,9362,61,206492,195555,96,32.9007
92543,88750,86,30326,29324,78,1019,1176,8,2001,2001,24,4925,4431,40,8536,8036,50,180485,168716,97,32.9037
96206,94334,82,41037,40472,79,1587,1715,18,2108,2143,25,4982,4436,40,7919,7236,47,166306,162073,96,32.9127
211628,162949,99,58744,43811,96,2718,1933,30,5891,4581,45,11156,8841,65,19531,15414,84,395987,307191,114,32.9127
288937,179450,133,101313,63273,120,3518,2136,39,7357,4304,60,14876,8877,79,24211,15452,97,524269,306188,138,32.9177
223138,183299,108,125701,110108,102,4871,4054,36,9059,8275,61,19618,16760,84,35934,31466,104,738465,630727,119,32.9187
171413,149582,95,60662,53165,90,3041,2695,31,5170,4697,46,10745,9842,59,21377,19438,82,409531,366055,108,32.9227
50041,49697,77,20128,19891,60,735,611,0,1349,1371,16,2606,2613,29,4524,4418,37,100345,96505,89,32.9367
285862,230792,125,126178,104569,122,5845,4526,41,10486,8797,59,20614,17961,76,37453,30821,121,776785,655090,135,32.9407
51280,50730,79,21912,21866,64,319,422,0,748,1091,6,1706,1645,19,3001,3227,28,84703,86034,89,32.9537
181249,142183,105,71157,56060,97,2574,1915,29,4831,3827,41,10058,7847,60,18332,14264,76,383275,309642,114,32.9557
170520,143971,93,86907,73776,92,3008,2334,31,4845,4405,39,10689,9540,61,17508,15226,74,366970,326931,109,32.9607
69971,70015,84,24139,23789,73,928,846,0,1211,1520,15,3226,3225,30,5954,6272,37,135263,130102,91,32.9627
130007,123608,86,33538,32578,81,1786,1384,18,2539,2348,29,5734,5091,44,10754,10068,65,208553,201775,101,32.9637
91912,89808,80,32151,31670,78,1076,1099,8,2940,2703,24,6327,5966,45,10362,10449,53,233939,226882,97,32.9667
101432,98101,83,39355,38397,79,1481,1401,18,3223,2888,33,6153,5763,41,11397,11316,52,227623,222619,97,32.9667
250816,188194,111,76462,56587,109,3779,2915,37,6924,5435,49,14182,10995,69,24078,18042,95,508656,399513,127,32.9808
151240,136650,89,48525,42835,87,2155,1821,22,3622,3013,33,7231,6415,48,12394,11956,58,236800,221393,105,32.9818
202928,161692,101,61534,47806,94,2486,2187,28,4865,3876,43,9672,7891,52,16975,13961,68,376642,315525,113,32.9838
150089,132506,106,58334,53381,87,1895,1927,21,4123,3924,41,8498,7862,49,15707,14948,70,315756,297718,106,32.9878
205681,163953,97,92445,75823,97,2640,2153,28,5038,4036,48,10652,8509,59,17972,14404,81,356855,293416,113,33.0008
162744,129688,101,53572,41881,94,2421,1944,27,4378,3665,38,9032,7745,53,15824,13230,73,357865,301673,111,33.0028
98108,94530,89,40009,39231,79,1054,925,0,2199,1846,24,4395,4348,36,7914,7372,50,170145,165955,96,33.0078
71069,72421,83,26829,26546,74,656,946,0,2210,2049,25,3585,3682,31,6734,6530,44,141459,135276,91,33.0218
271475,186623,130,93471,65730,112,3312,2609,34,6758,4591,52,14184,9869,73,24464,17036,101,514726,358085,130,33.0338
59996,59761,79,25990,25931,70,495,534,0,1281,942,0,2364,2731,25,4323,4437,33,87105,86567,90,33.0428
197953,160538,98,90491,75311,96,2546,1904,29,5127,4359,43,12379,10066,65,19849,17017,76,441717,376758,113,33.0528
158695,133487,95,79114,69515,92,2191,1676,25,4171,3293,41,8658,7434,54,14065,12110,75,294419,255905,109,33.0628
183169,157241,94,74720,64414,92,2558,2336,28,4741,4167,40,9480,8390,53,16021,13351,72,354052,322580,110,33.0628
95870,93195,84,34561,33622,78,1571,1253,16,3189,2323,34,6043,5804,43,11571,11767,59,224768,210705,95,33.0648
72647,70262,84,28709,28556,75,885,867,0,1860,1836,22,4260,4308,36,7155,6913,42,164006,154044,93,33.0759
118488,114695,86,43751,42689,80,2059,1952,25,2776,2641,32,7209,7404,45,12326,11702,60,264931,253570,99,33.0859
100100,93707,96,34493,33370,79,1738,1610,17,3359,3093,29,5449,5565,39,10004,9892,54,210110,201389,98,33.0909
39474,40306,72,14123,14524,47,650,563,0,642,1089,5,1736,1778,21,2632,2671,28,63676,63615,85,33.0919
121945,117010,85,33167,32934,81,2205,1739,22,3495,3651,32,8591,8095,50,14578,13973,69,299973,283660,100,33.1159
153722,125653,96,63354,51630,93,1778,1568,22,3900,3104,38,7559,5670,55,14572,11375,71,315516,270445,110,33.1159
88180,84063,83,30000,29674,78,502,613,0,1607,1652,22,4543,4336,37,7488,7081,47,164881,160572,97,33.1169
78121,77529,79,36341,36102,76,1211,1129,11,1813,1841,22,3921,4144,33,6550,5818,43,135525,131038,94,33.1169
114500,110576,89,52500,51192,80,2249,1933,24,2769,2963,29,7321,6954,48,12605,12114,71,253778,248103,98,33.1179
135332,119474,103,41815,36074,87,1664,1355,18,3149,2706,30,6444,5518,43,11333,9943,63,230661,210964,104,33.1229
136567,114453,92,46444,38081,90,2142,1785,25,2701,2350,34,7297,5882,49,12474,10384,63,257330,218628,106,33.1249
108752,106934,82,51295,50499,81,1588,1594,20,2364,2238,27,5883,6170,39,9843,9319,52,203393,195645,98,33.1279
185123,143382,103,67726,52371,97,2039,1511,26,4179,3555,40,8439,6449,52,14959,11308,70,334699,256770,113,33.1289
108312,104050,83,34485,33642,80,1016,1201,10,2316,2121,24,4714,4669,40,8391,8441,50,188208,175442,98,33.1349
107551,105987,81,35931,35380,78,1511,1429,16,3291,3197,31,6219,6251,43,10749,10168,60,224530,217890,97,33.1469
75535,75819,80,26629,26395,74,1027,974,0,2115,1813,28,4861,5116,37,8452,7966,50,180012,173040,93,33.1499
107140,100890,83,54148,51732,81,1584,1487,22,2709,2921,30,6248,6079,48,10859,11046,56,230200,221180,98,33.1609
143667,121488,93,45396,38290,89,1954,1448,23,3312,3107,34,8064,7103,47,14514,12486,68,302651,266530,107,33.172
92540,90062,81,32552,31497,78,1347,1253,12,2682,2303,31,5452,5370,41,10229,9482,63,220197,214369,96,33.176
106727,102617,83,38560,37805,81,1485,1626,18,3236,3077,29,6359,6399,39,12838,12390,67,251159,235529,99,33.177
96535,97262,79,38902,38445,77,1525,1298,16,2788,2502,27,5136,5372,39,9568,8882,54,174848,168247,95,33.18
164422,135678,92,52154,42560,92,2320,1797,23,4096,3112,43,7910,5952,52,13807,12015,68,316206,268453,109,33.182
165985,148191,90,61715,53271,90,2482,2029,28,4423,3637,39,8479,7682,52,14859,12263,66,305581,278619,107,33.205
118529,114691,83,48468,47082,82,1848,1635,23,3593,3162,40,8216,7803,50,13144,12579,64,289718,274780,100,33.22
161990,136684,98,50183,43143,88,2383,2050,25,3793,3065,37,8398,7719,48,13976,12893,59,312626,277344,107,33.227
89567,88583,85,20555,20266,60,1145,1248,11,2528,2517,27,4752,4872,35,8398,8435,48,176375,169415,95,33.228
236374,178445,106,78168,57866,103,3038,2347,31,5384,4520,47,11293,8328,64,19645,15390,84,414617,333953,122,33.23
113110,108994,84,45589,43245,82,1487,1545,18,3247,3204,32,7326,6940,49,14299,13779,65,278119,271038,99,33.235
90418,88492,80,34067,33690,78,1171,1229,13,2079,2374,22,4280,4212,35,7739,7702,51,150650,141329,96,33.2541
143950,125191,95,50777,43370,88,2245,1859,23,3355,2966,33,6910,5884,48,12338,10573,62,271712,242137,105,33.2601
74777,75289,75,24164,24083,68,601,972,0,2331,2534,24,3911,3753,36,7289,6873,46,162641,158454,92,33.2781
106223,103471,80,44943,44275,80,1571,1439,16,2920,2713,31,6233,6005,42,11499,11371,62,231790,222369,97,33.2811
184593,144505,96,70908,55374,94,2254,1829,29,4486,3328,41,8679,6879,56,15424,11519,74,327279,262991,112,33.2821
178942,139696,107,63940,50107,93,2517,1866,29,4243,3342,36,9952,7981,57,17723,14191,83,366521,300843,112,33.2911
115105,113059,81,37763,36240,79,1789,1762,21,3302,3480,31,6832,6426,45,11865,11113,53,237012,230811,98,33.3131
158343,133190,91,43570,35821,89,2109,1963,21,3916,2442,41,6999,6247,47,10930,9709,59,248562,215272,108,33.3191
135824,122788,88,36779,32432,86,1658,1823,18,3750,3180,34,7749,6774,51,14535,13604,65,313265,288721,103,33.3281
87486,83267,85,26125,25918,73,1312,1204,11,2486,1999,29,4756,4745,38,8271,7400,52,191484,184936,96,33.3482
274200,199597,125,103424,74113,123,3661,2824,33,7423,5567,50,15068,11080,71,25260,20441,95,531320,420803,140,33.3502
160216,136319,93,52195,45271,89,1942,1811,22,4112,3846,39,8076,7050,51,14319,12670,63,310540,275580,108,33.3572
138829,123319,91,51399,46268,87,1961,2046,23,3239,3011,34,8099,6919,49,14227,12945,71,292942,264466,106,33.3582
83867,82485,80,27540,27020,77,1107,1005,1,1929,1715,21,4175,4070,35,6450,5971,46,133885,128009,95,33.3702
72744,71293,78,28048,27838,76,929,907,0,895,1075,9,3582,3126,33,5134,4926,38,135451,132240,93,33.3772
78253,77666,91,30318,30121,75,995,1191,10,1829,1726,17,4815,4876,36,7838,7706,49,170036,165726,93,33.3782
138094,126503,90,57281,52034,87,2170,1713,25,3211,3127,37,7756,7224,49,13151,12237,64,279248,264531,104,33.3832
82201,78502,87,27574,27692,77,1068,1131,9,1761,1910,20,3964,3923,34,8027,8121,49,160959,155128,95,33.3852
210332,165300,104,70313,54077,97,2665,1850,29,4718,3624,42,10722,8357,61,17545,14144,72,383845,310132,115,33.3882
181028,151974,94,62884,52086,92,2476,2232,28,3831,3204,35,10177,8246,58,15450,12813,68,333287,288770,110,33.3882
113304,107059,86,46509,44571,83,1731,1674,20,3052,2925,32,6216,6032,45,10939,9511,64,236713,221123,100,33.4012
154786,139693,93,53172,47589,89,1775,1505,21,3489,3059,32,8462,7876,49,15411,13800,68,304712,286145,106,33.4022
59238,57796,79,18310,18238,56,740,625,0,1257,1271,16,2499,2550,27,4874,4365,38,98828,99491,91,33.4032
99795,96947,82,44483,43645,79,1070,934,0,1962,1689,25,4495,4013,38,7747,7182,46,159780,153926,96,33.4092
152741,127122,92,42793,36807,88,2217,1678,26,4896,4024,43,10910,8581,58,14694,12495,79,313908,265606,107,33.4112
119505,114760,83,30552,28355,81,1477,1541,15,2826,2711,30,5925,5452,43,10196,9543,53,210259,196703,98,33.4182
203970,149984,101,59240,41446,100,2626,1965,27,4751,3548,45,9769,6794,60,16642,11557,78,344852,247930,117,33.4202
202828,161618,108,68448,52816,99,2984,2275,29,4262,3657,40,10668,8550,58,16903,14152,72,372216,301287,117,33.4222
110348,107681,84,42235,41038,80,1567,1593,16,3251,3285,33,6138,6006,43,11347,11318,57,252868,242656,98,33.4262
94180,95454,79,37168,36810,77,1264,1251,12,2494,2342,27,4923,5068,39,9079,8540,55,181475,175007,94,33.4272
97153,95944,86,24383,24219,65,1340,1274,14,2599,2571,27,5407,5129,45,9187,8562,54,212275,205123,97,33.4403
207303,173170,100,75776,63775,95,2947,2417,31,5594,4422,43,11463,9905,58,19804,16500,84,439163,385899,112,33.4403
101489,101341,82,43425,42942,79,1212,1368,15,3157,2687,35,6322,6208,49,11131,10785,56,225041,211737,96,33.4473
108336,104081,84,33108,32593,80,1750,1568,22,2631,2736,26,6069,5866,41,11224,10538,59,238619,219846,99,33.4593
69100,70679,77,27867,27949,74,812,884,0,1547,1690,19,3096,3148,30,5593,5848,41,117210,113835,92,33.4713
96199,94689,83,47971,47289,79,1117,1357,13,2191,2397,22,5158,5058,38,9599,9724,46,188903,184502,96,33.4843
113439,110532,82,49413,48097,81,1432,1535,15,2519,2313,27,4969,4971,38,9358,8480,53,198841,187054,98,33.4873
92395,92714,79,38502,37937,78,1297,1361,12,2040,1786,28,5049,5270,39,9755,9233,62,196340,184291,96,33.4883
107819,104866,88,31230,30839,78,1522,1292,16,3222,3202,31,5617,5237,41,9387,9089,54,200255,191200,98,33.4903
209498,153271,104,77233,56502,100,2336,1938,26,4953,3565,45,9640,7034,59,15564,11577,76,346728,262145,118,33.4913
190711,144251,106,57385,42886,97,2409,1817,25,4531,3567,43,9371,6907,56,15967,12229,68,350145,270801,116,33.4963
109940,108486,81,29897,29705,78,2034,2145,21,3420,3316,34,6343,6302,42,10605,9764,53,227905,225396,97,33.5274
170310,137655,99,56675,45985,91,2556,2151,26,3594,3165,34,8858,6852,54,14451,12207,75,294058,241854,110,33.5584
76758,74881,84,24374,24244,73,928,954,0,1745,1644,18,3725,3729,33,5726,5657,41,136259,133487,93,33.5594
137448,118058,93,46769,40161,86,1611,1403,19,3633,2646,39,8032,7415,47,13864,13224,67,279239,246129,105,33.5604
119526,114007,98,46791,46067,82,1869,1657,21,3372,3077,30,6176,5474,45,10232,9790,52,228648,216596,100,33.5644
127367,121086,89,34943,33054,81,1354,1370,13,3201,2700,32,5932,5464,45,9626,9253,48,204330,192321,101,33.5694
102262,98078,89,28356,28042,77,1187,1205,10,2106,1815,25,5065,4739,40,8510,8240,46,169299,159164,97,33.5704
188371,144237,98,72348,54955,96,2338,1677,21,4682,3642,41,10560,8322,59,18018,14425,75,386994,300241,114,33.5714
89830,88922,79,46976,46393,79,1212,1467,15,2584,2315,30,5504,5335,40,9685,9930,49,202333,201409,95,33.5734
123103,108213,89,46961,40468,88,1642,1297,14,2870,2551,30,5804,4859,46,10291,8905,63,215758,187170,104,33.5994
113387,109101,90,48116,46203,81,1674,1620,18,2496,2542,28,6624,6184,42,10556,10105,61,226107,220291,98,33.6014
133999,115608,90,49142,42117,87,1941,1524,21,3347,2831,34,6801,6020,49,12077,10388,64,266868,234576,105,33.6105
187064,140537,98,52977,40749,95,2347,1766,28,4188,3049,45,10421,8074,60,19388,14460,88,374462,286055,113,33.6105
269255,174226,116,92925,58500,107,3255,2023,36,6125,4059,53,12190,8649,67,20794,14323,91,464494,309681,126,33.6185
83184,81007,81,27462,27386,76,922,768,0,1921,2147,24,5009,4984,39,8393,8621,48,176902,170750,94,33.6255
144964,118092,94,58068,47465,91,2151,1683,25,3378,2799,33,7790,6680,48,15196,12505,63,310939,257421,108,33.6305
188741,173048,95,50535,45133,89,3520,2898,31,6742,5851,46,13318,12411,65,21887,21655,88,490210,448194,108,33.6305
96283,94167,82,30656,30189,78,1409,1415,13,2434,2416,27,5062,5283,39,9227,8981,49,199004,191079,97,33.6495
146621,123831,95,45213,38283,87,2128,1875,22,2893,2700,34,7811,6814,47,12764,11003,62,263882,237077,107,33.6535
98237,96346,81,40772,39759,80,1104,1009,3,1572,1651,21,5380,5210,39,8476,8236,48,171398,165788,96,33.6575
85678,85029,80,33089,32593,76,859,743,0,1973,1887,22,3945,3908,36,7247,6982,46,146096,144363,94,33.6615
119388,113580,90,25697,24750,74,1810,1689,19,2810,2775,31,7467,7015,48,13173,12270,58,280601,269276,101,33.6625
139039,120069,100,48288,41057,88,1909,1702,20,3099,2932,32,7447,6473,46,12240,10819,66,290471,250117,105,33.6655
133508,117275,91,37754,31822,87,1729,1591,18,3207,2412,34,6522,5623,45,11040,9795,53,247806,222092,104,33.6715
105622,104662,83,29267,28941,78,1545,1364,18,2832,2450,32,6916,6578,46,11902,11348,59,246766,229564,97,33.6775
59052,59952,73,21579,21715,59,782,822,0,1191,1196,10,2728,2865,29,4456,4294,40,96456,96967,90,33.6865
181635,160253,95,79639,70432,92,2958,2386,30,4571,4031,42,10366,9186,55,17349,15657,72,357357,328815,109,33.7026
114673,108625,85,48244,45509,83,1468,1323,15,2458,2473,31,5475,4951,41,11110,10745,56,212514,201666,100,33.7036
186901,153208,95,64362,53407,93,2505,2197,27,4828,3913,49,8949,7731,54,15730,13445,75,338523,294943,111,33.7086
123040,116994,99,66862,64362,82,1646,1587,17,3056,3052,29,7085,6636,46,11108,10561,58,245209,235459,99,33.7226
134613,113408,98,44381,36841,88,1658,1383,20,2430,2260,30,7576,6445,49,12197,10141,65,258845,224202,103,33.7256
146321,127784,89,57254,49321,88,1912,1706,22,3449,3307,34,8357,7011,52,13573,11244,67,311925,269417,105,33.7296
121863,120000,81,45369,44029,81,1729,1568,19,2449,2895,24,6926,6481,47,11858,11133,57,263107,251273,99,33.7356
177054,153852,104,55056,47035,92,2765,1881,30,4338,3979,37,9882,8654,54,16463,14229,73,352632,311899,110,33.7396
196189,155038,103,63354,48233,98,1771,1190,21,4458,3114,40,9252,7301,52,16710,13197,67,327168,256492,115,33.7426
100106,96402,85,19211,19001,57,1307,1413,13,2645,2499,26,4804,4548,40,8661,8310,53,186944,178794,97,33.7446
133007,123882,91,43845,40990,85,1669,1421,20,2797,2954,25,7303,6579,46,12648,11780,62,264009,252484,103,33.7456
126005,121534,85,63265,59544,85,1996,1827,22,3248,3273,35,7756,7665,46,13504,13280,63,294373,279951,102,33.7576
163218,151627,90,68819,64564,87,2335,2524,24,4725,4306,38,8694,8124,51,15804,14146,69,331459,312451,106,33.7736
111967,109580,83,53842,52477,81,1511,1386,17,3170,2649,37,6783,6567,44,11350,10857,61,245425,235826,98,33.7786
156268,144082,91,65749,60521,88,3194,2602,30,4977,4452,39,10341,9893,53,17213,16100,69,343692,323471,106,33.7866
124612,123820,82,34303,32797,81,1826,1647,21,3550,3405,34,8186,7432,51,14148,13757,68,299993,277338,99,33.7957
137163,120648,98,62298,56711,88,1984,1732,21,3205,2727,33,6689,5961,45,10956,9562,57,234907,216896,104,33.7997
115342,111318,88,48062,46186,81,1766,1683,18,2451,2546,28,5940,5431,42,8757,8422,56,197393,187088,97,33.8017
112793,108617,91,38002,37216,80,1696,1407,19,2947,2679,32,6421,5955,43,11812,11150,59,240337,228426,99,33.8017
53699,53417,80,19286,19263,56,950,734,0,791,875,0,2583,2809,25,4391,4352,36,93405,92694,89,33.8037
146005,120497,91,57191,46749,90,1445,1098,11,3503,2679,35,7181,6018,49,12653,9747,69,266722,227330,107,33.8087
247556,173495,114,84881,59825,113,3614,2657,37,6405,4285,49,13312,9456,67,22870,16419,91,467951,336833,131,33.8097
242522,188519,103,84505,66164,101,2999,2412,31,6194,5193,44,13138,10634,65,23408,18349,99,486120,396628,118,33.8137
66619,66189,80,19711,19529,55,516,461,0,1373,1347,14,2670,2740,29,4864,4668,39,110915,110989,91,33.8147
260592,197582,114,130239,100996,111,4111,3264,38,6830,5257,51,14596,11315,66,23719,18397,89,503074,393147,126,33.8167
230000,173937,106,74819,56856,104,3362,2800,35,6431,4958,48,13211,10706,68,21167,17660,76,461030,393843,118,33.8237
122983,114287,86,39789,35210,84,1673,1327,21,2567,2668,28,6022,5438,43,9967,9315,59,222198,205191,101,33.8277
117528,113673,84,42310,40886,82,787,915,0,3383,3361,32,5323,4988,40,7726,7330,48,202592,186638,99,33.8317
114622,110033,84,44992,42238,84,1398,1475,17,3502,3220,32,5909,5495,43,9521,9105,52,202480,191984,98,33.8357
86269,83140,84,32099,31506,77,1183,1109,12,1539,1657,18,3994,4009,35,6137,6248,41,140323,133705,93,33.8367
106906,103635,86,25292,24800,78,1643,1554,22,2661,2831,29,6320,5957,41,11033,10899,58,241166,231573,98,33.8417
159555,131735,96,54035,44758,90,1916,1874,20,3885,3317,39,7902,6566,53,14299,12004,67,305194,253102,108,33.8447
109403,104518,84,21740,21487,59,1229,1255,11,2207,2250,24,5205,4964,38,8346,6979,50,184531,175274,96,33.8507
106081,101351,82,40674,39665,81,1883,1606,19,2770,2333,27,5206,4779,44,10269,10183,54,207599,201617,98,33.8567
299241,197888,122,77506,56148,117,4027,2706,41,7053,4505,56,15693,10958,74,27311,17801,109,568327,389497,135,33.8657
114554,107312,84,38587,35587,83,1457,1542,16,3562,2796,36,6499,5837,45,12034,10756,62,258514,250076,101,33.8657
105673,106453,82,27554,27711,61,1485,1592,18,3061,3240,31,7079,6866,46,11927,11673,62,257865,246235,96,33.8657
111875,114714,79,28468,27948,77,1617,1281,18,3307,2901,31,7056,6578,44,12668,12487,70,263539,246580,96,33.8667
217625,166953,105,66705,50715,100,2451,1747,31,4963,4029,41,11128,8570,68,18604,14157,83,391017,318029,119,33.8767
173293,135451,97,57348,43191,95,2270,1580,26,3543,2775,39,9355,7370,57,16780,13546,76,369861,299313,113,33.8778
264978,190166,112,86844,61428,108,3945,2870,40,6054,4501,48,13872,9823,69,23688,17134,102,509204,380566,126,33.8787
185425,145882,102,61475,49489,95,2381,1929,25,4099,3531,38,9447,7756,57,14904,11969,70,322863,269517,113,33.8868
111741,109290,89,43481,42801,80,1231,1102,7,3200,3283,29,5643,5300,41,8882,8234,52,209503,200013,98,33.8978
161577,141278,91,58119,50187,89,2133,1543,23,3484,3244,35,8692,7354,52,14164,12925,69,295175,254427,107,33.8998
66353,65851,76,23220,23019,67,934,1119,8,1342,1565,16,3549,3328,32,5803,5661,43,118774,115667,92,33.9148
177108,152989,96,67682,57541,94,2450,2063,27,4701,4088,40,10444,8596,58,17143,14538,74,362411,322084,109,33.9148
106497,102488,83,31501,29511,81,1729,1636,18,3054,2808,32,5559,5065,40,8535,7987,48,187939,179913,98,33.9188
125130,111748,89,42108,37064,88,1217,1323,12,2730,2990,27,7149,6553,48,12431,10483,66,270421,240762,104,33.9298
96363,94225,79,35474,34650,78,1516,1264,14,2173,1821,26,4474,4201,36,7735,7557,43,173067,164178,96,33.9308
101604,100806,84,44058,42866,80,1196,1408,15,2790,2505,30,6524,6199,44,11360,10548,62,211942,198868,97,33.9338
87949,87503,81,20801,20732,58,1268,1291,14,2413,2304,26,5005,5212,40,7633,7859,48,176297,170271,95,33.9388
164661,134650,96,59198,49568,93,1694,1487,21,3991,3323,41,7601,6486,55,12004,10204,62,298196,249686,111,33.9428
214490,166627,102,70964,54433,97,2333,1648,25,4442,3258,41,10025,7772,56,17802,14378,80,354933,282296,115,33.9558
95055,93624,80,37725,37260,79,1299,1186,10,2276,1857,29,5180,4779,42,9737,9312,63,191920,182455,96,33.9558
79712,78344,78,31107,30877,76,962,880,0,1838,1594,25,3920,3710,35,6457,6162,41,159144,153736,94,33.9568
100638,96982,88,33867,32809,80,1492,1171,21,2279,2683,27,4570,4363,37,7192,6723,51,158295,152218,98,33.9598
155686,124924,95,52964,41744,92,1653,1306,21,3419,3023,35,7849,6564,55,14007,11279,68,307303,246792,110,33.9618
78200,77397,78,33202,32901,76,1010,991,0,1850,2079,23,4201,4103,39,7376,7239,51,162724,159611,94,33.9628
239022,173397,108,81640,59111,103,3137,2672,32,5708,4148,48,12163,8893,65,21225,16001,78,430500,331663,122,33.9648
107401,105820,83,47811,46812,80,1415,1402,17,2103,2326,23,5762,5598,40,11463,11363,57,229058,217569,98,33.9658
99908,97204,83,44187,43007,79,1659,1717,16,2645,2183,28,4619,4404,37,8372,8084,56,172101,161016,96,33.9719
136424,123648,87,58140,52123,86,2024,1760,23,3120,2898,32,6936,6530,45,11667,10602,58,262500,242826,103,33.9809
105434,101009,86,32762,31975,79,1203,1178,10,2717,2478,35,4921,4804,38,7651,7473,45,170971,163748,97,33.9819
105741,105463,86,56885,55992,80,1785,1684,18,2995,2931,27,6179,5871,43,10714,9927,56,251285,242168,97,33.9879
99736,100312,81,45116,44760,79,1637,1653,16,2743,2385,32,6384,5894,48,10075,10062,50,228821,217267,96,33.9899
142662,115413,95,54872,43947,91,2246,1841,27,3229,3305,35,8080,6090,54,14971,12255,64,295204,247386,108,33.9969
82615,80074,81,20566,20642,56,1037,993,0,1904,1931,22,4354,4205,36,6984,6971,41,162261,155561,96,33.9989
196542,162132,104,69370,57620,95,2660,1968,31,5055,4230,41,10848,8844,59,18994,15958,78,385396,327240,112,33.9989
130658,120928,90,28922,25452,85,1827,1496,20,3466,3548,34,6760,6496,45,11995,11209,61,245129,225716,102,33.9999
179393,151021,95,68011,57758,94,2372,1631,28,4547,3834,37,8996,7332,55,16573,13180,76,331418,279778,111,34.0209
115792,110943,93,44935,44053,81,1293,1089,12,2962,3255,28,5435,5008,41,9734,10074,52,206198,196098,99,34.0329
142968,116648,93,53036,41393,92,1935,1367,25,3733,3043,37,7383,5982,51,13307,9713,66,291225,234895,108,34.0369
104964,102638,83,33683,32830,79,1049,1235,12,2492,2512,25,5725,5590,41,10133,9802,60,204528,198823,98,34.0439
107053,99882,85,47736,45137,81,1299,1426,14,2342,2185,27,4896,4868,37,8310,7777,51,181667,176279,99,34.0449
98011,95425,84,33130,32220,78,1217,1242,15,2734,2699,28,5773,5540,42,9912,9681,51,210498,202365,97,34.056
200307,166754,97,80317,65337,95,2674,2145,30,4981,3921,44,10003,8351,54,16588,13316,75,357767,305271,112,34.069
171915,138334,97,58991,46891,94,2833,2366,30,3981,3054,36,9419,7381,57,15950,12872,70,361808,297820,113,34.076
124725,115788,84,41716,38335,83,1777,1841,18,3403,3350,32,6831,6644,45,13380,12367,60,248835,232249,101,34.077
76438,75305,81,24335,24210,65,1092,1184,11,1691,1896,20,4206,4007,35,6489,6153,43,146601,143919,94,34.084
113789,102735,93,44140,39387,86,1457,1341,15,2678,2557,27,5823,5397,41,10064,9017,54,217330,198385,102,34.093
64538,66402,76,21406,21593,58,1166,1116,7,1030,1156,7,2761,2643,28,5426,5302,40,102768,107143,91,34.094
311068,230599,118,131434,100255,115,4452,3217,38,8218,6012,59,17767,13378,75,28967,22106,110,630144,480173,132,34.096
137799,113212,92,42060,34261,88,1630,1622,16,3578,3155,33,6994,5898,47,12691,10597,64,260995,216744,106,34.097
134256,112245,92,46907,39039,90,1817,1312,20,3011,2714,35,6858,6165,47,12782,10886,70,267136,239860,108,34.101
109842,106049,86,45102,43731,80,1381,1518,19,3157,2955,30,6549,6594,43,13341,12797,64,249150,235420,98,34.108
95780,92497,84,35674,34097,80,1148,1021,4,2379,2031,27,4809,4561,39,7634,7078,53,182464,172079,97,34.109
137201,120543,93,55993,48853,87,1700,1690,18,3524,3231,33,7185,6433,47,13642,12908,67,280959,255344,104,34.109
84947,83320,80,26232,26014,72,1075,1301,11,2308,2390,27,4845,4788,36,8407,8606,55,188575,180734,95,34.1541
66377,67275,78,26895,26982,74,910,910,0,1319,1256,13,3296,3158,32,6281,5918,44,134725,131812,91,34.1551
150065,138688,103,59360,55191,85,1849,1890,23,4225,4101,36,8842,8247,52,15919,14907,71,346499,325894,103,34.1641
100085,98794,82,52482,52239,79,1543,1501,17,2435,2516,26,5581,5677,39,11459,10640,59,218582,211681,97,34.1881
107725,105306,84,39093,37829,80,1665,1326,14,2646,2767,27,5472,5110,42,9992,9946,55,210387,206264,98,34.1901
123620,118770,85,46084,44822,80,1858,1724,20,3565,3456,33,7109,6786,43,11968,11063,69,260061,245901,100,34.1921
101079,97937,81,21993,21636,62,1445,1196,14,2429,2383,28,5342,5275,40,9664,9261,56,214862,206605,97,34.2151
95571,95852,81,32152,31800,76,1092,944,0,2053,2214,26,5969,5860,41,9447,9759,48,198964,190731,94,34.2392
64884,63728,77,24614,24552,73,822,963,0,1562,1697,18,3107,3171,32,6089,5649,40,125858,125122,92,34.2442
141107,123247,101,40239,34178,88,1730,1484,19,3266,2846,32,7124,5824,48,11506,9551,66,252187,222665,106,34.2472
164401,147319,95,54861,49031,89,2848,2688,28,3969,3807,36,10252,9620,57,17058,15948,72,349201,328161,106,34.2472
147503,128334,90,60828,53408,87,2383,2220,25,4321,3659,39,9022,7902,58,16724,14194,76,332489,282012,105,34.2582
165106,137844,93,57396,48697,91,2061,1694,25,3391,2833,36,8269,7008,51,13694,12298,62,304748,265170,109,34.2672
183302,143844,96,63058,48113,96,2339,2180,26,3832,3136,37,9136,6995,54,16887,12818,82,366066,286274,113,34.2712
152303,122301,101,55041,44180,91,1973,1622,23,3530,3165,35,8102,6773,53,14169,11396,64,306653,248873,109,34.2822
238751,168999,123,82528,60311,109,3014,2324,33,5212,3696,46,11972,8359,63,22846,15904,104,464708,343501,128,34.2842
75464,75994,79,27650,27559,76,751,1012,3,1507,1698,18,3824,3660,34,5650,5301,41,133044,125045,94,34.2902
98104,96767,83,39276,38980,78,1104,1185,10,1895,1990,26,4628,4592,38,7840,7432,49,171273,162888,96,34.2992
165566,133791,95,65696,53742,94,2196,1635,26,3568,3109,37,8797,7032,53,14196,11814,70,322920,261699,112,34.3152
102130,101555,80,40863,39990,79,1352,1475,16,2361,2330,27,5947,5899,41,10955,10080,65,233214,221801,97,34.3212
103785,99693,84,33164,32317,78,1401,1548,19,2558,2319,31,6324,6051,47,11504,10997,54,232978,216272,98,34.3373
128791,116115,88,46591,41739,85,1533,1582,18,2703,2682,27,6329,5496,43,11424,10258,59,243131,227074,103,34.3423
154602,130651,92,55930,47993,90,2163,1683,25,3969,3124,39,9100,7691,58,15095,12988,69,323563,276764,108,34.3493
118456,115074,83,43552,43130,80,1574,1841,19,3085,2516,30,7319,7039,45,13251,12596,70,266046,256851,99,34.3503
85602,84494,79,32452,31674,78,1172,1131,9,2180,2204,23,4717,4705,36,8436,8222,48,179657,171785,95,34.3663
107904,105563,82,32424,31475,80,1437,1554,16,2826,2993,27,6119,5767,43,10287,10374,56,206593,195916,98,34.3833
266227,199114,110,92771,71326,108,4147,2917,37,7154,5402,57,15532,11379,76,27194,20696,113,554089,428362,126,34.4003
183316,152752,105,73703,61926,93,2305,1943,25,4440,3920,39,9969,8003,57,17659,14569,70,379124,324581,111,34.4033
107103,104567,85,29065,28576,79,1853,1723,21,3383,3290,30,6699,6678,45,11052,10993,57,236787,224236,97,34.4083
60474,61233,76,20256,20369,63,1072,729,0,1050,1066,9,2665,2640,27,4209,4063,35,92010,89174,91,34.4093
149231,126417,93,50094,42097,91,1936,1625,22,4037,3423,34,8213,6782,49,13966,12307,59,289071,253017,109,34.4174
116995,108507,89,44483,41763,82,1408,1467,16,3234,2877,33,5216,4887,39,9823,9593,57,199313,187134,100,34.4224
110364,107240,82,41170,39591,80,1513,1554,19,3054,2912,30,6155,5877,45,12094,11668,56,251965,246163,98,34.4274
84756,84401,81,24211,24207,65,1643,1535,19,2577,2681,28,5405,5322,41,10481,9864,51,199130,195128,95,34.4544
122230,117960,84,41303,40137,80,1381,1515,18,2656,2978,27,6008,5899,43,10364,9683,53,224159,206050,99,34.4564
152095,125022,96,55869,45273,90,1746,1131,21,3939,3360,37,7619,6624,50,16521,13206,77,311264,256299,108,34.4664
156682,148739,88,69864,66615,85,2725,2237,30,4822,4493,39,9775,9271,53,17354,16142,69,375660,353908,103,34.4734
106947,105208,85,32382,31935,78,1633,1597,20,2766,2628,30,5655,5367,40,9869,9478,52,200072,191592,97,34.4814
131595,127208,86,47090,44994,83,1347,1525,15,3081,3534,31,7056,7112,42,12614,12360,60,261992,245901,100,34.4824
130610,120429,88,50477,46732,85,1189,1348,15,3844,3353,34,7930,7165,47,11473,10481,64,255162,237768,102,34.4864
150743,125023,95,47344,38925,90,1966,1658,23,3616,3219,37,7494,5909,48,12613,10590,63,254364,216943,108,34.4914
235480,185734,112,117704,98044,107,4201,3118,37,7745,5866,51,16368,13586,68,28642,23309,106,578847,475284,124,34.4924
253262,197398,107,99382,78989,107,3438,2719,34,4879,4044,44,10408,8482,59,16661,12710,80,365552,289067,125,34.4934
169900,137257,102,63696,51264,94,2079,1484,22,4275,3501,40,9920,7916,57,15623,13338,79,356899,300716,112,34.4934
101291,99696,81,34916,34293,80,1661,1716,18,3141,2985,33,5998,5908,44,9845,9985,56,220316,206547,98,34.4944
88181,88589,79,34275,33914,77,1030,943,0,1788,2154,20,4688,4800,37,8691,8198,51,180123,174288,95,34.4954
127278,120771,88,51410,48830,83,2192,1762,23,3524,3238,32,7723,7406,45,13945,12724,63,286849,272519,100,34.4964
156619,127044,93,51555,41593,89,2382,1652,24,3563,3225,32,8474,6641,53,14887,12796,64,333606,268656,108,34.4994
115650,115073,82,21807,21619,60,1470,1287,17,3348,3214,34,6840,7051,43,11938,11365,59,255090,242639,98,34.5004
189640,153335,101,62631,50507,96,2508,2261,26,5102,4181,45,10831,8583,61,18215,14942,81,369036,307796,115,34.5014
94202,92567,83,33589,33264,79,873,778,0,2217,1910,24,4966,4478,39,8355,7760,49,184252,175712,97,34.5014
161758,151914,88,67636,63190,86,2752,2331,29,4329,4220,41,9941,9236,57,17988,17086,86,379884,349120,104,34.5095
154284,130469,107,51406,43179,88,1977,1487,21,3100,2935,30,7443,5802,51,12117,10359,59,245239,214370,107,34.5095
227590,158094,123,78721,53954,123,3073,1982,35,5196,3307,44,11070,7812,63,20235,13970,106,418422,302102,123,34.5095
90276,89454,81,38901,38339,79,1407,1373,13,1962,1570,26,4575,4062,40,9025,8737,56,194210,186164,96,34.5165
107867,104566,87,45611,44754,81,1273,1279,13,2672,2752,29,5842,5808,39,10249,9628,57,211796,208100,98,34.5235
106954,102611,83,35502,33017,80,1494,1420,14,2588,2576,29,6094,5701,43,10500,10415,50,233359,225403,98,34.5255
142309,117600,92,50107,41090,90,2094,1655,21,3465,2757,34,7603,6094,51,13328,10798,64,276449,224718,107,34.5375
88841,87277,84,28468,28169,77,1161,1094,8,2237,2113,27,4722,4896,38,8659,8616,49,169089,159716,96,34.5395
208457,165435,101,72738,57117,97,2734,2134,30,5543,4045,45,10695,9123,57,17788,14331,82,384298,309986,115,34.5445
154457,126109,98,61597,51085,91,1858,1511,24,3655,2732,34,7622,5932,52,13852,11853,70,286927,238416,108,34.5445
102573,100067,91,35591,35054,79,1312,1713,16,3324,3041,32,6288,6246,42,11456,11009,53,243100,234710,97,34.5475
180745,157359,96,75639,65848,94,3325,2668,33,4719,4106,41,10205,9002,55,18783,16586,78,354188,312002,112,34.5485
84531,84475,79,28944,28858,77,1370,1530,17,1505,1303,12,3605,3799,33,5811,6013,39,132851,128190,95,34.5535
151638,126164,95,50751,41921,91,1673,1452,19,3289,2781,32,6978,5901,48,12049,10590,57,257082,215973,109,34.5705
89646,87959,82,23965,23946,68,1358,1188,13,2247,2421,26,4712,4768,38,9238,9145,48,204181,197709,96,34.5705
91956,89341,79,29627,29470,77,1615,1118,12,2489,2144,28,5483,5314,41,9463,9383,50,197661,193517,96,34.5755
217932,167818,104,82915,63930,98,2526,2039,28,4232,3421,46,9216,7241,58,16296,12665,74,347916,268076,116,34.5765
119963,112289,89,29918,28018,81,2077,1760,20,3443,2678,36,5947,5620,40,11821,10979,58,222937,208263,101,34.5775
108338,104966,83,42003,41105,81,1615,1341,14,2038,1985,23,5123,4780,40,7450,7416,46,176845,168035,98,34.5795
105637,103968,81,46533,45663,79,1787,1694,18,2244,2031,24,5833,5708,40,9212,9059,57,196856,185712,97,34.5815
244092,169948,109,77250,54407,102,2892,2116,34,5201,3616,43,11403,8266,62,17993,13058,79,423346,306355,121,34.5845
95154,93991,84,28839,28455,76,1161,1140,10,2021,2040,26,4685,4554,40,8588,8283,55,167693,160660,96,34.5855
143605,124003,90,39404,32718,88,1792,1446,20,3463,2527,37,7527,6820,50,13335,11548,63,273051,235725,105,34.5875
123948,117917,92,88523,86639,84,2080,2004,20,2921,2807,31,6905,6723,45,10722,10772,51,244243,225524,101,34.5875
147176,123939,91,61282,50806,88,1800,1714,21,3001,2643,31,7863,6318,54,13930,11943,67,283281,236362,105,34.5875
135539,119462,87,45779,40607,85,1891,1780,21,3093,2771,34,7388,6591,46,12862,11846,63,271473,242746,104,34.5875
117717,114961,84,36475,34966,81,1993,1961,22,3739,3378,34,7977,7682,47,14481,13266,63,308260,294731,99,34.5875
108490,104241,91,40622,39293,80,1553,1239,12,2560,2345,27,6111,5727,42,9693,9510,53,225640,211818,98,34.5895
77185,75100,82,28112,27708,76,880,1043,4,1270,1224,13,3394,3477,31,7193,6649,47,151480,148194,94,34.5915
78049,77329,83,22002,22166,67,1137,1027,4,1829,1492,19,4202,4273,35,7183,6235,49,146815,139847,93,34.5925
158413,130331,95,53665,43366,90,2413,2023,25,3710,2832,41,8711,7300,55,15597,12758,74,308255,261732,109,34.6006
221176,171011,102,78360,59376,99,3124,2119,34,5211,3674,45,11385,8703,62,20148,15861,83,402430,312755,116,34.6016
143211,131111,87,66416,60454,86,1667,1700,19,3016,2962,30,8226,7402,49,13852,12904,69,288862,273824,104,34.6026
84517,84176,79,43445,43129,78,1252,1111,10,2087,1937,22,4450,4165,35,8196,7859,50,183202,175055,95,34.6076
92033,87953,89,27170,26956,77,1177,1095,10,2078,1910,26,4113,4026,34,8189,8945,46,159364,153611,96,34.6126
61402,61102,82,16080,16260,49,1204,721,0,1210,1045,8,2466,2291,26,4642,4788,33,99267,97927,91,34.6156
115768,106177,87,40353,35941,85,1626,1371,18,3100,2831,30,5693,5086,44,10715,9684,55,216218,204157,102,34.6156
145934,136233,89,57477,53968,84,2124,2041,22,4562,3611,40,8876,8414,52,16174,14807,66,341762,323288,103,34.6166
101888,101317,82,33274,32609,78,1933,1688,21,2730,2721,30,6989,6941,44,13312,12447,70,284598,274984,97,34.6186
198393,155424,98,64857,50160,96,2661,2045,30,5192,4314,41,10675,8276,58,17322,13750,73,365063,295353,114,34.6226
171615,137144,93,60884,48538,91,2688,2292,29,4711,3791,45,9697,7944,58,17076,13821,72,377784,299177,109,34.6226
189071,147598,96,69264,53287,95,3029,2194,28,4622,3486,42,10450,8204,60,19344,15452,76,386287,304300,112,34.6226
170823,131331,98,62990,47139,94,1675,1517,19,3736,2671,41,8125,6278,53,14582,11679,72,310565,240780,110,34.6306
105235,102973,81,29498,28365,79,1526,1382,15,2389,2393,25,5182,5130,39,8479,8504,50,183606,176826,97,34.6306
173007,141671,94,83827,71693,93,2459,1914,27,4341,3350,41,9021,7618,61,16332,13903,81,330549,279204,110,34.6316
117021,109324,86,46081,43756,82,1064,1405,16,2520,2324,27,6350,6318,45,11088,11438,55,224348,213293,100,34.6326
44649,44480,75,15119,15259,48,652,573,0,934,966,0,2090,2052,23,3851,4134,33,75773,74278,87,34.6446
150601,119448,95,57210,45225,92,1838,1360,21,3461,2904,37,8082,6501,54,14309,11119,72,297582,238437,109,34.6486
164319,142141,95,56298,48400,93,2002,1643,22,4949,4114,46,8429,7659,48,14721,13135,66,322263,286975,110,34.6486
61827,60238,78,21695,21825,62,876,783,0,1206,1419,19,2918,2882,32,5099,4918,47,103692,99241,90,34.6606
111755,110360,83,52778,51319,82,1359,1162,14,2646,2598,31,5384,5149,41,9877,9256,57,212531,202868,99,34.6696
151611,132827,92,54532,47906,87,1686,1328,15,3500,3314,31,7163,6495,48,11740,10590,56,257618,229226,105,34.6736
121726,116977,87,53267,51137,83,1700,1756,19,2915,2817,28,5643,5047,42,9777,9127,63,194640,180844,101,34.6866
198935,165376,105,70088,58178,96,2718,2060,29,4953,3798,46,10088,8396,64,17747,13576,86,378490,310951,114,34.6897
169433,146648,102,56024,48714,90,1902,1667,24,4414,4366,34,9486,8327,54,14909,13200,65,323706,296359,108,34.6957
102353,99771,82,44403,43593,80,1358,1400,16,2646,2526,32,5977,5654,41,10969,11181,56,248247,233036,97,34.6987
101722,100882,80,45498,45262,79,1337,1361,15,2662,2642,25,5936,5990,41,10770,10161,56,237922,225230,97,34.6987
155622,146827,87,68200,64256,85,2550,2315,28,4407,3721,39,7725,7362,49,13036,12059,67,303177,279656,103,34.6997
95219,93178,80,18771,18441,58,1186,1462,13,2059,1958,25,5732,5490,43,10642,9752,56,221517,215184,96,34.7047
139987,118500,92,56005,47600,87,1774,1546,18,2842,2500,29,6859,5890,48,11495,10385,65,262527,226720,104,34.7047
149631,119525,93,52827,40696,92,2356,1769,28,3463,2732,41,9076,7162,53,15918,12069,80,328629,256268,109,34.7047
150971,125412,94,41798,34690,91,1653,1546,17,3008,2833,32,7169,6413,47,12203,9848,60,251706,221070,108,34.7087
80892,80025,78,32896,32381,77,1505,1457,16,2525,2447,26,5242,5099,39,9828,8969,56,200117,188582,95,34.7187
212319,155955,107,71364,51549,101,2658,1854,31,3968,3474,38,10244,7642,61,18645,13505,81,359889,269532,118,34.7207
89035,87028,80,24055,23989,67,926,1128,9,1917,2366,23,5216,5092,39,9851,9761,54,207641,202519,96,34.7207
148464,124550,90,57497,48418,90,2464,1833,27,3935,3366,35,8741,7020,52,15740,13208,68,313952,269305,107,34.7297
272616,194311,134,85703,62319,118,3593,2479,34,6653,5055,48,13116,9712,65,22664,16842,97,504815,385359,136,34.7357
123013,111044,85,50590,45178,85,2088,1981,20,3151,3013,34,6859,6227,44,11471,10358,56,268069,241795,102,34.7497
66864,65283,79,24401,24329,67,561,744,0,897,1217,9,3134,3132,32,5590,5330,44,104842,100420,93,34.7547
170558,147661,94,64397,55328,90,2411,1843,28,4796,4396,39,9328,8494,52,15692,13632,74,344514,311327,108,34.7647
52447,53873,73,23970,24166,71,645,612,0,1466,1064,6,2448,2527,24,3768,3538,35,95923,93560,89,34.7707
310940,223235,132,141598,100111,127,5344,4198,43,10142,7192,64,21435,16906,88,36418,27720,129,814328,624526,144,34.7838
85328,83777,80,25157,24728,70,1147,1378,14,2095,2109,21,4976,4683,38,9042,9066,49,193906,186627,94,34.7838
130682,114235,91,51724,44983,87,1615,1346,17,3346,2909,36,7252,6677,45,12254,10525,56,280635,246493,105,34.7878
123409,118805,86,49929,48192,84,2326,2029,24,4117,3615,40,8093,7241,51,12991,12870,62,284213,266344,101,34.7918
100927,98065,83,24055,23930,74,1740,1496,19,2931,2727,27,5477,5339,41,10655,9871,57,210085,201380,98,34.7918
88565,87425,80,17927,17924,54,1088,1273,12,2029,2003,24,5213,5180,39,9381,8975,56,185983,182665,96,34.7948
178289,146244,101,63654,50303,96,1723,1524,21,4291,3902,33,8352,6755,51,14805,12755,72,301560,252118,112,34.7948
100788,98965,83,30615,30340,77,1195,1429,12,1986,2225,26,5751,5276,41,10417,9715,59,207347,201167,96,34.8098
80879,81196,87,26558,26449,74,1032,1065,6,1794,1987,21,3286,3476,31,5192,5457,40,127592,125848,92,34.8198
207930,172060,100,77599,64201,95,3098,2794,30,5772,4639,44,12835,10532,70,21695,18197,87,457680,389760,113,34.8218
179513,148144,93,50590,40300,93,2423,2033,28,3740,3314,33,9358,8027,53,15973,13217,71,349408,295863,110,34.8238
125550,123069,84,68384,66139,82,2101,1851,23,4284,3408,37,7984,7105,51,14322,13797,72,292545,281163,99,34.8258
105885,103992,83,37090,36093,80,1296,1480,14,2423,2537,28,5864,5070,46,8870,8652,48,206495,198597,98,34.8258
228242,187602,101,123576,108634,97,4284,3655,36,8643,7236,55,17212,14650,79,28391,24652,97,606694,514765,115,34.8288
154441,130762,101,46676,39841,89,1296,1312,14,3555,2870,41,7199,6224,50,12763,10640,66,275579,243660,108,34.8308
123772,118112,83,44265,42691,81,1929,1578,18,3002,2819,30,6777,6236,46,12338,11608,57,244229,242039,100,34.8328
351387,255323,138,206185,158549,135,7152,5362,45,14783,10716,79,30085,22480,111,50336,38879,136,1.04858e+06,843259,152,34.8348
155475,132234,89,49633,40176,88,2058,1560,20,4208,3397,37,7776,6557,53,13983,11703,65,294253,242257,107,34.8378
93824,90430,82,37785,37036,78,1328,1187,10,2270,2226,27,4446,4399,36,8055,7469,53,166616,163002,95,34.8408
145141,138625,87,49996,47915,84,2318,2461,23,3636,3699,34,8636,8318,50,14421,13922,71,311693,296378,102,34.8458
95836,92500,88,38531,37855,79,1370,1393,14,2268,2452,22,5327,4971,41,9942,9056,57,214109,207338,97,34.8709
96739,94661,82,24387,23823,77,765,867,0,2010,1893,24,4802,4950,37,8042,7647,47,173009,166832,95,34.8729
172813,139200,96,65500,52308,93,2353,1800,22,4326,3762,41,9410,7205,56,16572,13723,73,350533,288924,111,34.8759
104444,101116,81,24224,23579,67,1205,1211,12,2783,2689,29,6001,6108,42,10235,10053,54,225537,218645,97,34.8779
167693,135934,96,53564,42672,93,2289,1806,28,4149,3564,36,8885,7338,55,15233,12625,75,302021,248961,111,34.8809
130091,113718,100,42937,36407,86,1654,1555,20,2970,2448,31,6907,5685,52,12328,11731,54,249068,219459,104,34.8969
107628,105536,84,33519,32757,79,1650,1579,15,2457,2751,27,6923,6113,54,11259,10841,56,255754,240854,98,34.8989
76947,74014,81,27245,26971,77,986,908,0,1587,1481,17,3225,3126,31,5948,5758,46,134150,127111,95,34.9009
161465,137443,94,67507,58278,91,1942,1575,21,3933,3733,34,8455,7320,52,13603,12145,74,317738,280221,106,34.9019
75836,74754,78,29348,28941,76,1328,1213,10,1907,1903,21,3544,3544,33,7247,7693,43,149791,145761,94,34.9189
88997,86614,91,27987,28063,76,1044,1240,10,1764,2538,20,5565,5262,40,9110,8466,54,194509,184538,95,34.9319
121979,116354,86,46338,44398,83,1773,1734,21,3038,3115,30,7482,6976,44,13781,13565,64,277884,263328,101,34.9389
104214,101020,87,25065,24826,72,1310,1174,12,2674,2815,28,5254,5315,38,10173,9432,64,212469,205413,99,34.9409
157845,135567,92,55966,47808,90,2007,1663,23,3544,2978,39,8330,7146,54,13640,11474,70,289440,261802,106,34.9479
214774,157824,102,79274,57450,102,3152,2093,36,5698,4106,47,12561,9686,65,22077,16664,90,464886,353414,119,34.9509
70549,69108,89,21379,21490,57,1225,1046,5,1240,1711,17,3372,3186,32,4710,4673,37,110077,109923,93,34.96
91675,88200,92,37766,37221,79,780,953,0,1985,2120,25,4833,4681,37,8401,7888,53,163341,157261,96,34.961
137108,125936,87,54586,48920,86,1663,1583,17,3034,2822,30,5940,5270,42,10644,9779,57,220559,194919,102,35.003
94757,93775,79,40851,40733,78,1089,996,0,2287,2097,23,4472,4261,36,6927,6623,48,154862,149849,96,35.003
92006,90911,79,34735,34605,77,1438,1235,13,2158,2452,24,4728,4728,37,7135,6825,44,160717,155399,95,35.003
154725,130555,93,48267,40726,89,1534,1414,18,3257,2878,31,6295,5209,45,10863,9107,57,222623,189079,107,35.005
162410,129470,95,63845,51008,91,2191,1736,29,4098,3152,40,8872,6841,58,15202,12621,69,334679,267122,108,35.01
162178,135309,97,50864,41885,90,2457,1909,25,3748,3293,33,8693,7098,61,14970,12362,77,304044,263925,108,35.013
